whislo,q1,med,q3,whishi
-7.918489184922895,-5.199560924575051,-0.4969569128205614,0.6598406989532432,2.276661688990923
-14.285582369386166,-10.060020451862236,-7.574972508098871,-6.103361777607149,-3.456279866151238
-15.266556567366845,-13.118313544887442,-11.284880552978342,-10.2732633918444,-7.879703878853958
-13.840054552370358,-12.084160449997691,-11.389944467690992,-10.531338880861288,-4.898162851650804
-12.718845664232509,-10.42820139247652,-7.525856614821886,-5.174988985212935,-0.7056095832089508
-9.159633583522199,-7.317534825727824,-5.731570975089034,-4.478431970151451,-0.7056095832089508
-13.615599406904748,-9.53924541567147,-7.7424926624982255,-6.659988971576038,-4.360793943882841
-18.902958239097725,-16.45883457684983,-13.34967504848592,-10.34048694539706,-6.304671048504838
-26.152953174654336,-19.811658231103284,-18.779672113119894,-17.47030449364531,-13.410777791279894
-33.997393244538735,-31.359937013476966,-27.972613780111036,-22.449176630993012,-18.597857489123555
-37.1191677231245,-33.84404664937506,-31.997185992180256,-30.7358920920555,-28.16228619045956
-42.373062765940624,-38.323302820293435,-36.07342013552635,-33.88832043442956,-30.300959631455946
-42.373062765940624,-40.13387907877617,-38.46192755819273,-37.85583727078404,-36.555216361156695
-44.345366516979766,-41.53874430356699,-39.84741211268671,-37.68248371302702,-36.27293647811008
-46.39735291515696,-44.8879032418084,-42.754017974461355,-41.457915287319054,-39.21835254347143
-46.39735291515696,-44.92059646911293,-42.33384474096088,-40.42062542883023,-37.019811734335974
-45.48618375229112,-41.498778924256,-38.55479090000928,-36.5793811589034,-34.219577043009835
-43.34734463688666,-40.107505697651405,-36.82198837882156,-36.02902073162373,-34.219577043009835
-47.25100483852385,-43.588399655903565,-42.18108361285881,-40.068586961851956,-35.85070752614157
-51.21904722487263,-48.77448080655565,-46.44904134123848,-44.82714807314203,-42.68875354769289
-51.21904722487263,-49.62051916972521,-46.77719552175466,-45.407406808266884,-42.65924388745324
-48.13599622774797,-45.859403655736074,-45.220757837962154,-44.43959641012334,-42.65924388745324
-48.13599622774797,-46.50158967619984,-45.49818614007973,-44.78572765163531,-43.879113320615495
-48.22005873854036,-46.35361655769685,-45.198393452526645,-44.127878425443654,-41.83031949425512
-55.90015828261152,-53.03352449154712,-47.35556498255734,-45.194853026313126,-41.83031949425512
-58.396397266332194,-56.34011682486687,-55.021127751239526,-53.887837543511836,-51.57094605060744
-61.59957703151564,-59.16901311079259,-57.443321176874896,-56.08905370803651,-53.29824902102084
-61.59957703151564,-58.122463285666164,-56.663889407314784,-54.33613187245335,-52.1927015887924
-63.541586357024386,-59.710466107714865,-56.59808371571461,-54.43578894738734,-52.1927015887924
-66.43242054266975,-64.08612498003558,-62.63718153469358,-60.43486140199454,-57.37830085675455
-67.16408685159557,-64.5891226867021,-64.00754702200457,-63.05731533845095,-60.48364493056132
-68.41155479044191,-66.96789663623306,-65.78043422788141,-64.09645794190399,-60.48364493056132
-68.41155479044191,-66.96346313067613,-65.1240436103798,-63.387632735269904,-61.01532742620034
-67.74263845631972,-65.41616879519546,-64.43307991810445,-63.28493908603259,-61.01532742620034
-67.74263845631972,-66.42871871227142,-65.50982504473073,-64.71986137293075,-63.385554306960834
-68.67219351919316,-67.07342472214012,-66.13022509124313,-65.46220516811347,-63.460611962473045
-76.50536555851315,-73.42080159778399,-71.72273649736552,-66.39197351433984,-65.15722107807473
-80.00174418474442,-76.87406735478407,-75.26895289638959,-74.17887673411322,-71.94373180393897
-80.90306494234484,-79.78285977041672,-78.4166810582205,-76.8240654925402,-74.58250177731419
-81.28146489482275,-78.98132506049582,-75.02990742225796,-72.56388984775514,-71.13927922966475
-75.02184631919307,-72.59297441840775,-71.8194440910435,-70.067369706715,-67.9759810369444
-75.64554797562253,-73.24707184188635,-72.02545950140528,-70.16500414058622,-67.9759810369444
-76.55237514651061,-74.76474662743178,-73.6617840692783,-72.47805239893364,-69.91544617326338
-79.39002465000083,-76.8098630463753,-75.20175144191455,-73.70171844630954,-71.63236315297495
-79.39002465000083,-77.76043843483211,-76.80443704860171,-76.18671407288281,-74.36232443137506
-79.47782638085926,-77.62705671568528,-76.54397540727358,-75.90343886612918,-74.36232443137506
-83.18832571426755,-80.25783640100693,-77.99816143612256,-76.05556014527555,-74.4891922242315
-87.17339439215274,-83.9925066248268,-81.70966502642695,-80.25508760676155,-78.80658094794838
-87.17339439215274,-85.54051216029796,-84.7469428139445,-83.80928323444182,-79.57442951870287
-87.74954965599603,-86.4531080211126,-85.84246093548519,-84.78745457588585,-83.58998120243909
-87.63261849744123,-85.51573599646588,-83.04970644483937,-80.15203295357338,-76.51282624772581
-83.23650048510791,-80.07778819221163,-77.28625202125424,-76.11481817342232,-73.84365736497224
-78.66818626402096,-77.08745691939703,-76.11451176942788,-74.74929234505005,-69.80750099553136
-79.53045985876436,-77.3403382653421,-76.49835387200102,-75.62429049007143,-72.45839640793088
-77.57431971524919,-75.9973371947488,-74.47566207982928,-72.53637050673701,-69.90270594501544
-80.88016093712689,-76.09411173111626,-73.84137024371861,-72.4128427188232,-69.90270594501544
-82.83584326464883,-81.11793548296566,-79.37459655266086,-75.16940163039249,-72.09903006814164
-82.80189462035372,-81.1955484408877,-80.62851783657736,-79.03459253413162,-76.101462490803
-81.69048703809935,-78.93385328022597,-76.40182029818634,-73.13307751951035,-71.1774409759213
-79.81328875738932,-77.37367502075966,-74.96700873290614,-73.30153662652242,-71.1774409759213
-80.40812886086277,-78.58253123524155,-77.34577187656807,-75.15667392369556,-73.40274379609657
-80.70986000829605,-79.3484212777914,-77.73261560245305,-75.97767861516186,-73.40274379609657
-80.70986000829605,-79.35382022109371,-75.94832314978791,-71.1023738339052,-68.73221555816599
-74.3440099615593,-71.70869169057295,-70.76553627001918,-70.06072084018527,-68.73221555816599
-76.62291138802398,-73.71223803906669,-71.96265101649928,-70.17774895639795,-66.31242773156583
-75.29900595576837,-70.14720332558282,-65.43166490466359,-63.362427845706286,-60.37397802210084
-65.31167288200422,-62.88163618063653,-58.22879081830941,-56.52708876571614,-54.19133511134753
-57.51689277105551,-55.78584967203653,-54.40860060520556,-53.15605365478063,-49.63165111004071
-59.087660073815094,-55.741352155281184,-53.401323142477935,-52.5522528087592,-49.63165111004071
-59.087660073815094,-56.88428860670216,-55.85918934381289,-54.805722921979346,-52.113598858899
-58.784630362031265,-56.686189732676006,-55.48676520734267,-54.736937899948245,-53.47236971189907
-57.802111326232364,-56.21493659617926,-55.581323161786926,-54.93216813704414,-53.47236971189907
-60.004558497181954,-57.686136877177745,-56.31167257152799,-54.85286843631785,-47.989747374978336
-59.38677249626794,-55.535407235655725,-54.41767470360813,-51.150239648800216,-46.34323632342315
-56.404734102133915,-54.92652652168823,-54.270874359921045,-53.01703927983014,-51.5323246342582
-60.867805890311566,-57.5772147153307,-55.85542476771566,-53.32909276445393,-51.5323246342582
-65.83932643317968,-62.78051548571516,-60.63446527046443,-59.43286562267552,-56.630501305049215
-71.17939639533776,-66.85059878814647,-65.22070339026227,-63.0757510664136,-60.3371815480667
-73.31340050580214,-72.14045248758667,-70.70537270682726,-67.299405409996,-64.76030371987984
-73.31340050580214,-71.49592629889146,-70.4775537484464,-68.23043370311493,-65.82050255009874
-71.47135717025468,-69.22562454258443,-67.89018956743831,-66.93520315774778,-64.83596938824392
-69.28996829230171,-67.7662383016961,-66.5749324707725,-64.93709205991567,-61.47820645757982
-69.5479156935826,-67.53713622769483,-66.24049732695117,-64.32243736093594,-61.35940572949763
-69.5479156935826,-67.87378248710387,-66.8148395788671,-65.95031416519343,-63.32413137045406
-68.11082870331151,-66.11228051129369,-64.7348297936394,-61.3322436689026,-58.68165243760915
-63.93855439475625,-62.13124983953777,-60.609677716093046,-59.183074563959394,-57.06116777451808
-65.39245917043957,-61.53303738929017,-59.17945137043592,-57.947746015186915,-56.310475256760654
-66.24397045988451,-64.62901260972069,-62.847523181103725,-59.07609187430492,-57.43585834917836
-64.88936369986766,-61.19870883625853,-59.0497856018975,-58.00155881321422,-55.85003005067423
-60.759385338083725,-57.696384177948055,-56.05568157361496,-54.143495884646896,-52.20980231517619
-56.070740471313705,-54.139377180053636,-52.63059165306309,-50.138017934890826,-48.10455910934498
-54.97800115761868,-52.876163094147195,-51.11118699070455,-49.96711985281647,-48.05417094182256
-58.35920683904092,-56.675580780826635,-54.17544831669467,-52.927540144129566,-50.58834033796585
-66.07000349125829,-64.04380659953898,-59.63769771618116,-57.17747600385914,-54.48059237041268
-66.07000349125829,-64.75670032206635,-64.06567949867284,-63.000070481553514,-59.458264439753336
-67.59831071420918,-65.56688164444813,-64.77356430526294,-63.8838338245424,-62.244209569236475
-67.59831071420918,-65.58294768615909,-64.01076013621822,-62.19624354626191,-59.76588267241381
-67.4971949633567,-66.2982005679527,-65.33348573029258,-62.600189234334664,-59.77548238343137
-68.58309022917523,-67.12692257684213,-65.69425511378947,-64.23797474326425,-62.003038225905485
-68.2562911746896,-64.26100260333784,-62.55539031454046,-60.32504273352187,-57.56272926882857
-62.9151542234948,-60.28816227519389,-58.85031934216704,-57.38952339261106,-55.08554262908612
-68.29830668127296,-66.09760644933104,-61.74008177088056,-57.412159888173875,-55.08554262908612
-68.29830668127296,-66.895245021612,-66.23535582871045,-65.37150987034462,-63.47879793500259
-75.81427687088006,-73.36906671899271,-68.31621668935261,-66.7793164106544,-64.12540048413403
-75.81427687088006,-73.32803081979111,-71.70704251642056,-70.67449984279367,-67.33344372816067
-75.07345062812689,-71.99684534001169,-70.75589893911466,-69.30088286727336,-67.33344372816067
-75.07345062812689,-72.16330819934885,-70.00507067281423,-68.49946397507031,-65.91510944342645
-71.03404235389642,-68.76151040592238,-67.59456213098262,-66.52224699118554,-64.78474780465129
-71.03404235389642,-68.428151849204,-66.61233592437236,-65.65582596079733,-64.16562336828744
-67.60087652049474,-65.88968374732492,-64.27884663033498,-63.34433592198249,-62.16862468499149
-67.81418565342646,-66.58797792988949,-65.63744475945566,-63.60301394368454,-62.16862468499149
-75.64600352169356,-70.80025494126295,-67.64365246032719,-66.25736456395607,-65.00465395184897
-75.64600352169356,-73.3807196452492,-70.38198558647561,-69.45350765044276,-67.63778756181549
-74.30260480394259,-72.6051183224754,-71.04334804596135,-69.96421617972176,-67.63778756181549
-74.30260480394259,-72.64871098705285,-71.5398913493634,-70.71940588330655,-69.6937987392374
-76.4481394790281,-73.89358381301793,-71.59715403828953,-70.69522861761595,-69.58927768487328
-81.39320066778377,-76.7580810395477,-75.38558260334852,-73.693748511521,-70.79071578912843
-89.38723195189677,-86.1448326250822,-82.95215426116515,-77.85039885394978,-75.43345235564873
-90.13208057120708,-87.53365755695926,-86.29270126319608,-83.97665093124665,-81.15391011181323
-88.50563366349307,-83.97665093124665,-81.34427048761641,-79.38689401479527,-78.02559733264047
-81.60878087344594,-79.3998680339518,-78.67953404173618,-77.61812763331274,-75.77625998525895
-79.42376839312477,-77.32764224960451,-75.79440034476907,-74.4046924998432,-70.86156889833484
-76.49922569492678,-74.18925832950654,-70.95886000542225,-69.94320192106505,-67.78913189061203
-73.54714537662308,-72.28626203030656,-70.9544761449036,-69.85710260623674,-68.15549616400114
-73.54714537662308,-72.4806576339018,-71.63707222399707,-70.0256114161631,-68.15549616400114
-73.22530950450543,-71.04717483439524,-69.66327378004914,-68.71480267588169,-66.24531457658766
-71.61903554995426,-69.38493097531428,-68.41544598569715,-66.1665859278161,-62.92332732393936
-68.2724491448736,-66.10851880958228,-64.94491137375695,-63.798163639830854,-61.09056341974507
-68.80089450068614,-66.95718849255194,-65.94059114240734,-64.38603996842488,-62.56378279565979
-69.51150767797174,-67.73040041166067,-67.06150411688907,-66.54643134284072,-65.65426746376298
-70.88543390422178,-69.60585438638938,-67.92191665999005,-66.81867631910623,-65.28231406197246
-70.7616367846349,-68.77881006609368,-67.47254977036127,-66.23392569234542,-64.73618304711512
-70.65099356456732,-68.24064214485742,-66.28308111354225,-63.682522895918225,-59.915828615204845
-65.91071221789376,-63.65057563806282,-61.60717494656141,-60.92946221693885,-58.82799046369011
-65.05675139992273,-61.83246755976233,-61.08712317584953,-60.536509177955494,-58.32311134801334
-65.70973449571332,-64.214813138961,-63.06173077135787,-61.03518632945779,-58.32311134801334
-78.99775724994825,-73.4884420746687,-68.38345765617952,-65.16432296463614,-62.74896551997969
-79.43850294584526,-77.47615773374358,-75.42176337060322,-74.5090336953856,-70.18799260547449
-79.43850294584526,-75.86691803089029,-74.89357126527007,-71.45396644335852,-67.05643707725449
-73.8775958618247,-71.3682348992334,-69.81743150428827,-69.101916046186,-67.05643707725449
-73.5806603496852,-71.01102840420097,-70.04525118291218,-69.38088636369018,-68.44526645186465
-80.19137227284291,-77.1311882883251,-74.6784035773268,-70.29575755972407,-68.44526645186465
-80.19137227284291,-77.91117660291643,-76.72464188064384,-75.18069487690701,-72.88709525286009
-79.25617371519594,-77.81929798342982,-76.7102125770837,-74.8858668066826,-72.44746653835777
-81.39997147495562,-79.62766525726786,-78.29951727377909,-77.16032827131053,-75.5967161999335
-84.44921313962598,-82.39988145150602,-80.12703860195711,-79.18902771241476,-77.765727594835
-88.30142224500965,-86.34539479614222,-84.24586854183734,-82.20451184770016,-77.82188342944835
-88.30142224500965,-85.99729325946515,-84.34056132328158,-82.60311332020764,-80.22563670783991
-84.9266679448545,-83.62443394300055,-82.9847743180583,-82.06077684705261,-80.22563670783991
-87.31398695854149,-84.27761493655682,-83.54713311405962,-82.54915729390405,-80.69813949910811
-95.04011047899934,-90.43633703575702,-88.30014859304168,-84.69834844414912,-82.23593703416756
-99.76393799270673,-96.43216438194352,-94.3775566950993,-91.13170016709671,-87.57709091739872
-100.12347232418394,-98.6997919059014,-97.90012197164185,-96.38030943795108,-93.08272043889168
-101.98872004304404,-98.94575837701288,-98.04205886671387,-96.36858055289727,-93.2621525466353
-103.21194118723297,-100.84794796185423,-99.29510774704138,-96.75004933785443,-93.2621525466353
-103.21194118723297,-100.85041907366471,-99.2474900050025,-97.9494590549522,-95.40230118268653
-101.12976860631844,-99.7924200351594,-98.96914130747186,-97.78546239361089,-95.40230118268653
-106.52117927308825,-104.87604031227384,-100.7560503155405,-99.79097340541644,-98.29708267950622
-110.31463465422914,-108.32833907566854,-106.75875986595443,-105.10008783435555,-102.98276229052966
-110.31463465422914,-107.03836653045562,-104.73813206450825,-103.8903407326965,-101.75896068937122
-104.73813206450825,-103.71141508431599,-102.68982213526328,-101.11582851122672,-99.86862868321943
-103.685772299673,-101.58157221950613,-99.3225587614638,-98.64341230426247,-96.9966639619221
-107.64422974383602,-106.03631295253875,-103.03403047522721,-98.80775645216266,-97.54480732005497
-108.14707420359932,-105.95185986063576,-103.87625391579073,-100.72456795845844,-99.25364694498649
-108.5130257821946,-106.09565261144272,-102.34768221044416,-100.74251563730829,-99.25364694498649
-110.82702655106479,-108.48031297284768,-107.49603236780189,-106.1479119161752,-102.97171433077852
-110.82702655106479,-108.93983251913181,-107.8436048309963,-106.69842909543777,-105.30900277183814
-115.54243662375953,-112.32291759567954,-110.90000613550039,-107.5773872184244,-105.40775048615724
-116.44332884075136,-114.89419175919481,-112.84346359702366,-111.2144504119222,-109.38181055689546
-116.16872064465784,-112.83170151301638,-111.46001560544839,-109.43727509082063,-107.25672555269857
-115.32085459067768,-112.45045388307402,-111.48050839935564,-109.75982371649779,-107.15275806480822
-115.32085459067768,-112.18662928843922,-108.84678245195818,-107.65791921418497,-106.45157201788477
-109.5222507971422,-108.43929923608499,-107.6590683896707,-106.92001424217347,-105.19296948621282
-109.77160554460649,-108.52722638717799,-107.8408083859635,-106.83567752279066,-104.78237811269268
-108.92067487228545,-106.96254842508772,-105.80091741551894,-105.1263286524015,-103.61054483056094
-113.7614192309198,-108.74685920595022,-106.40075975622396,-105.33260799742334,-103.78345631757985
-115.69478485749117,-114.36446200357796,-112.5997065035559,-109.67033625456928,-105.84546814488583
-115.69478485749117,-114.67092799892703,-113.69930221423996,-109.6952426853619,-105.99450813919215
-114.73802347241458,-110.45311478202953,-107.91203974989631,-106.52967472422134,-103.13155091977865
-113.75347075830723,-108.9436938389847,-107.08137591115371,-105.23832983704328,-103.13155091977865
-114.24337250834581,-112.64219597772444,-111.37169659702033,-109.07326574094135,-106.65532230666977
-114.24337250834581,-111.54318617489146,-109.9744547155833,-107.76294983838918,-105.743543851736
-118.69272403275328,-114.39700156952706,-112.37620103939005,-108.18561041317422,-105.743543851736
-120.41178933746797,-118.16038546460643,-116.98770326292185,-115.19864301611571,-112.5185673798427
-124.57241884211636,-121.94737112582969,-119.90675355222255,-118.29761640514673,-115.53870423295712
-124.57241884211636,-122.01522684011833,-119.91201349481896,-117.53919192054123,-114.25314428792326
-118.78749069653522,-117.32454977691663,-115.55236191827885,-114.57189020455252,-112.5167058375092
-125.38722124352954,-122.05677345229607,-119.42771130989757,-115.02603189009801,-112.5167058375092
-127.61880682391944,-124.92796298584356,-123.46801298560698,-121.80822857482927,-118.9668092127033
-129.4259789742956,-127.23559340000146,-126.27668817975444,-124.97139637388514,-120.80610160018591
-128.76811065324432,-127.5188393183071,-126.80900324318158,-126.26025058125366,-124.5624949742782
-128.76811065324432,-126.68847450607316,-124.98643807750199,-123.61355635907182,-121.78013532908331
-130.59458502136326,-127.59745346417989,-124.88604471625692,-123.52129055524846,-121.78013532908331
-129.24271462747575,-127.50480755829298,-126.5576759945777,-125.4033953566007,-122.9475612195992
-129.15609980461446,-126.67247536483708,-124.24817217144042,-121.76311058505183,-119.58114890954492
-127.53742633539017,-123.7874941346398,-122.28443190160446,-120.67908323531633,-117.72454925607916
-127.53742633539017,-125.03657180432378,-123.1211962952257,-120.4575312908384,-117.72454925607916
-123.74282484208264,-121.12149768270257,-119.61666851957189,-118.75446560983823,-115.90932269526655
-121.81405302074151,-119.94766125967104,-118.04467535600986,-116.06780178125994,-114.36535500875709
-121.81405302074151,-119.98347671168645,-118.74747473036876,-117.58423064417386,-115.1483534603924
-121.13579252182214,-119.98377724273472,-119.49908712088217,-118.54965250840844,-117.3123119661863
-128.35008433095123,-123.91575079749889,-120.87896344781646,-119.53148926823806,-117.3123119661863
-128.35008433095123,-124.58875515292229,-122.39460684074893,-120.3810395994301,-118.55334298181995
-123.2014136911836,-120.2735246499387,-118.83112505659471,-117.0867703860215,-115.5960973850915
-125.47002973577486,-122.4034453835261,-119.37860025487976,-117.14950206865838,-115.63871885928212
-126.7404342287184,-124.87558168866803,-123.99220571506592,-121.74663683679768,-119.00841921175507
-131.98824156128944,-130.17345455540124,-127.34625187525752,-124.964625589842,-121.69416364225943
-134.27723528404064,-132.21297686002418,-131.35139681808465,-130.26082180249978,-128.59248366754858
-134.00556907852746,-132.1536848041788,-130.75432780286937,-129.0987875037991,-127.12724508938055
-135.6809515250069,-133.68974591894082,-132.50935511488154,-130.64870750201504,-127.12724508938055
-135.6809515250069,-133.6679463731969,-131.55697415737325,-130.32888715084349,-128.27654775300874
-134.730049939412,-132.65710498174536,-131.23287224531106,-130.25456227235068,-128.27654775300874
-139.38277422249996,-137.31322827895548,-135.52902514900657,-132.79669855425092,-131.55997826311983
-143.73815794680291,-141.67318138417966,-138.93854455810506,-137.48607007601024,-134.30167303362813
-147.42925283820924,-145.16610790746597,-142.97635570080053,-141.7557070764026,-140.56479398583397
-147.42925283820924,-145.3457224204179,-144.37371527181105,-143.37904632349054,-141.16145199189617
-146.33409767201837,-144.99177677195348,-144.13674128577534,-142.68109881070444,-138.01335026088245
-146.67557499112712,-142.74613956893876,-139.94737734339276,-138.17011493074324,-136.8682333393517
-144.5972977826642,-142.05944990612295,-139.55017337973024,-137.99058323246004,-136.8682333393517
-146.69577479161106,-144.9147443385572,-143.5822526655361,-141.33522441221027,-137.4640264938777
-146.69577479161106,-144.68780761537397,-142.99556612782771,-141.26620904009224,-139.72294070162363
-142.22027712368714,-140.74285139953471,-139.860446254614,-139.05969292601685,-136.5192030034986
-141.4261075669648,-140.00301077457203,-139.28750136077792,-138.7252457260807,-136.27432505239517
-140.26304074053058,-138.8032201504339,-135.80018433091075,-134.20069493368237,-131.4585318989677
-138.8337469516739,-137.20645782813818,-134.65775560458638,-133.4845591027393,-131.4585318989677
-138.69171498696124,-134.76053615814638,-132.7952954625407,-131.33878911871363,-128.27027568658957
-132.74584995769732,-130.12919692784172,-127.12857026574312,-125.16341943225054,-123.33084763639387
-132.6462129010212,-130.297279513224,-126.28141735291021,-124.78740610515493,-123.33084763639387
-132.6462129010212,-131.2822385030146,-130.51464143424798,-129.6110541938262,-127.01240139539891
-133.35006783841493,-131.6978573469679,-130.92527837088434,-129.91075051452694,-127.01240139539891
-132.4420689032265,-131.38477711516862,-130.53271876907107,-127.88840530838078,-125.76106644049139
-136.69775901243742,-134.52467907333352,-131.79065562252447,-130.0948379612075,-127.0424367579325
-135.50665005067657,-133.4914269878711,-131.24868062870382,-129.49376151957014,-127.71019354167127
-132.87901561850816,-130.8193227152889,-127.18940028023812,-124.13174142989332,-121.96310437884256
-130.86504871979042,-126.2201920171782,-124.30660042718429,-123.35760759760812,-121.96310437884256
-132.60337610146678,-130.3863000442526,-126.04689752652851,-124.87506416024783,-122.96156150274176
-132.66067175490315,-129.54484960560532,-127.09482314979326,-125.71221255612156,-124.20065037457
-132.66067175490315,-129.37394607568956,-128.14712765721112,-124.41622078865248,-122.07711373861912
-128.7473206511284,-126.69889670383014,-124.59035860988897,-123.27408060668473,-120.62056290099488
-128.67730018116308,-124.86346903670926,-120.62056290099488,-114.02613656412571,-109.26198268757757
-119.52610213780066,-114.09676964159316,-110.02623601924329,-109.21479512389163,-107.9623792909119
-110.83265749398326,-109.22945520996598,-108.08309686274323,-107.22273624717607,-104.9719670609406
-110.57959901735572,-108.03250500542966,-106.97623424343988,-104.08146966614444,-100.08684369861984
-106.64166453554583,-104.12963744413598,-102.4954272840075,-99.82231513006107,-97.62536766188002
-110.37273215720877,-107.5506213906001,-104.08507791248022,-101.10868384612552,-97.62536766188002
-110.4633328082553,-108.25535332055567,-105.47075015011497,-103.19511948132202,-101.13953488488755
-110.4633328082553,-106.82614677068582,-105.60284533297393,-104.74699660026997,-103.30223918201928
-114.78807158036423,-111.21422757450726,-108.54201014635461,-105.35344272581219,-103.30223918201928
-114.78807158036423,-112.06910073973644,-110.56110320043807,-108.73774009212246,-106.40466422170707
-122.36733901340446,-116.90156925000585,-112.4630720394523,-109.88417603182648,-106.40466422170707
-122.36733901340446,-120.14351558992742,-118.44083980919022,-116.66088813647583,-113.26038365210222
-120.45407529923241,-119.00609545504642,-118.19762261666119,-117.33286010709747,-116.23067582975034
-121.07794160355166,-118.67792840085669,-117.2958508196136,-114.00377669672247,-111.0478108486042
-117.91221715144039,-115.14525048993873,-113.27280687765642,-111.14141139036572,-108.13685921732095
-115.53287666826806,-112.81223326808664,-111.1775370210565,-109.57345648698876,-107.12908670234644
-117.99948831977612,-115.81549839618027,-114.55222565005275,-112.18715284841323,-109.40981280364558
-120.11360524963101,-117.86737676318253,-116.76489194203066,-116.0440968085037,-113.67097200631798
-119.49169953761685,-117.64709590827027,-116.37558753196716,-114.62096720016801,-112.02423014740802
-116.94370192310632,-114.90080220489305,-113.97554756377069,-113.0167668313255,-111.14305009954168
-115.77082113221135,-113.26408422036448,-112.16290952228337,-110.98809202299546,-109.1962432986536
-114.2425171532746,-112.91772542048349,-111.94032017907232,-110.86469482247108,-109.1962432986536
-114.17713778674602,-111.95816747500595,-110.63979019949599,-109.39395220633713,-106.1842066294295
-113.15732459019836,-111.00031842770267,-109.98415024665616,-108.6426759304533,-106.1842066294295
-112.04540681600587,-109.7017242570974,-107.92103279175592,-107.07953543340412,-104.56939290516182
-111.96880278304575,-110.53315694962916,-109.10694042363026,-107.74429289371358,-104.56939290516182
-113.95813267261127,-111.9940075085251,-111.14576069779255,-110.10362174931278,-108.06991609534434
-113.44323142136852,-111.70857352195311,-110.02857355229604,-107.89078545267314,-105.69554025232445
-111.3814562670832,-109.56038416747349,-108.62177479443322,-107.70761369594126,-105.69554025232445
-116.36612521805746,-111.55757032750694,-109.59478835735064,-108.187617718672,-105.01593721120787
-118.17888626934602,-116.35157555700562,-114.57493549997834,-111.45297668886846,-107.17427075884312
-117.69380908601319,-114.58808613958773,-112.85181063765128,-107.48481842051274,-104.35555891273088
-112.06796661633302,-109.71197714948282,-108.22378239480673,-106.1831622857758,-104.35555891273088
-114.3726647015902,-112.65847204492972,-111.65538557016615,-109.77745371836856,-106.95590002420438
-116.74167405539818,-114.33155804428263,-112.85697553885785,-111.60570418572756,-108.82003221764552
-117.74881383997852,-115.60255910500948,-111.69639126282071,-110.46989563271826,-108.82003221764552
-117.74881383997852,-115.84989331045055,-114.6011766978805,-113.09171883687583,-109.58561477188648
-116.15196733004132,-114.67690335081133,-112.8051524445086,-111.46998889968407,-110.29188697050593
-113.28533502649,-111.4606582026089,-110.41151501458874,-109.41451269017357,-107.86509280527744
-115.81932893124555,-113.9336771241501,-112.05779709489357,-109.45776565336877,-107.86509280527744
-115.81932893124555,-113.61834881655531,-110.69213545653186,-108.56905198929279,-107.25608011969328
-110.42396513745753,-109.00422951164094,-107.97065499917366,-107.18979148326308,-103.43326460722582
-110.78937294258101,-107.28150873715785,-105.58746984386778,-104.35737510292293,-102.81364011202398
-111.02229951700328,-107.79062332991694,-104.89169135412993,-103.61972328980733,-100.92037908091456
-115.48155860431419,-112.33893989434264,-110.3882722567983,-107.08713319470507,-102.36703814834945
-115.48155860431419,-112.57991314858542,-110.75127199414356,-106.83521414781285,-103.98419860079365
-113.0665890220477,-108.92149548412846,-107.41513073689975,-105.96604498878098,-103.98419860079365
-115.70386956246946,-113.07862903996251,-111.54673062584959,-108.35785821734828,-106.64172404175353
-115.70386956246946,-112.59360739737187,-108.06465789810402,-107.05620314264718,-104.79721392098624
-113.13379864992285,-111.23656039003149,-109.33814211443641,-107.59421180634456,-105.18173728602741
-113.13379864992285,-111.64128558650486,-110.42793707766813,-108.29974853357359,-106.06782899917751
-111.26586419189186,-107.91604726355138,-104.49519933783736,-101.0902598253792,-94.02037414634344
-104.87420257651364,-100.97482706117246,-95.63591295523564,-94.26011024282704,-91.76803729670135
-96.64296259495542,-95.51899270647027,-94.92606800131308,-94.34771328640687,-92.63178188598809
-95.93237319046605,-94.63406109170099,-93.73734515156386,-93.12868315350846,-88.86028006566711
-95.3696380766743,-93.19228694049244,-88.60712577328262,-85.80049899674421,-83.15939393736994
-88.88830195809761,-87.73330664508923,-86.77967526393871,-85.42050670250906,-83.15939393736994
-88.77235577146571,-88.0097318111757,-87.32673904520895,-86.16102048572905,-83.93921823542283
-92.01743278916379,-88.69925984849932,-87.09722593352504,-84.73758417543215,-82.7126930524047
-92.01743278916379,-90.57695591754026,-89.36847473945639,-88.03334770522397,-85.45512822166305
-90.050465690018,-88.71062127112037,-87.41901947872583,-86.08866487991455,-84.39976542407358
-92.33628440980421,-89.84969678161904,-88.00062740453369,-86.53131125662219,-84.39976542407358
-92.33628440980421,-90.71493558575133,-89.9460525145775,-89.1087178079217,-87.26748824600858
-92.62218418315106,-89.84576828030237,-86.54234607285123,-84.38272067410979,-80.3434992934305
-85.84854327780113,-84.40947913898063,-83.03518004455134,-82.17764085782747,-79.42760370820321
-92.16745685603219,-89.07002100341678,-85.1531893233941,-82.45577893813798,-79.42760370820321
-92.16745685603219,-89.61526150822826,-87.50745546117872,-86.42604577023408,-83.41623330926073
-90.41560982462957,-88.17624710411495,-87.35677794611442,-85.16106571794164,-83.41623330926073
-91.80729585805824,-90.19942541320496,-88.9808619206513,-88.05237252427669,-86.15622963972491
-96.27938152133898,-94.97810114045663,-90.69665685755871,-88.61556604690452,-86.6070812843926
-104.36606815239894,-101.65861623557964,-98.55638209780928,-95.30473907186659,-90.03966080132268
-105.12300955548878,-104.04022968029034,-103.54493260827624,-102.53272797970041,-100.60671184824525
-105.7980991995742,-104.57097183153247,-103.32882006828012,-100.84190244454139,-97.95610242369004
-106.84490610198085,-105.86256930794958,-103.8408619457444,-101.46659703620783,-97.95610242369004
-106.84490610198085,-105.88247319334984,-104.52483105613757,-103.74565714151151,-98.64607315408018
-104.72624133529668,-103.40027830292817,-100.86941453657413,-99.30553013156705,-97.83266790654064
-104.84485227041796,-103.11136061123717,-102.23075727713703,-100.9609957939507,-98.45631494085013
-104.84485227041796,-103.45882733418301,-101.21327241428179,-99.76176714060847,-97.39759652149756
-110.69126062520172,-105.23443095840409,-101.7011753374145,-100.43919570869217,-97.39759652149756
-113.1014363843066,-109.55367009371422,-107.83446699673263,-105.47882303779431,-100.07026374176256
-113.1014363843066,-110.74264832210028,-109.53610676964799,-108.37428271841,-105.98723904225827
-118.09950519178122,-115.21901827228561,-110.66847651331338,-109.18102739701683,-107.77353286109847
-118.09950519178122,-115.30410357176498,-111.80875729296437,-110.7396694307567,-109.40789165686668
-115.74515824916851,-112.8398398788985,-110.95967402631379,-110.19935131839247,-107.74038741745808
-116.74923515195171,-114.56264942142805,-113.74349258038254,-112.38064595575355,-107.85686716216395
-117.4742889637439,-115.01144988149885,-113.98354959365062,-112.99133189730831,-111.70854927852787
-120.51079124381071,-116.15311092161109,-114.7367107147555,-113.49549241303126,-111.43864723445704
-124.13553889790391,-120.94198480469024,-118.34880465506332,-116.98080028223512,-114.79978143522287
-124.13553889790391,-120.96233359828342,-117.96412496219595,-116.67289461901444,-112.70171664892028
-125.90975758662653,-123.11031619494428,-119.65699907052456,-117.05977231376296,-112.70171664892028
-125.90975758662653,-124.86048265560451,-123.44463616361904,-122.02423691050687,-120.43272173661019
-126.34132922799445,-125.3575769989399,-124.74870281542674,-123.29532629878061,-120.76398002082476
-132.21036777583126,-128.79724729403696,-127.00247024670165,-125.18596354647217,-122.89447270999096
-133.24720308538173,-131.11637672938105,-130.09810348743528,-128.61239725770739,-126.27477671586095
-131.1108740276301,-129.359444172788,-127.41513611968514,-125.49109013431232,-122.45052445982472
-128.4906150551269,-125.19312363303605,-123.68724734291736,-122.69333701442652,-119.69650976570826
-129.2044084109133,-126.54000425498242,-124.35735243291397,-123.06808756136917,-119.69650976570826
-129.70119564959623,-128.23381460607425,-127.06111485838022,-125.94854817028738,-124.2786798131163
-134.81963529998396,-133.190780352448,-130.7922860310488,-128.0314885513856,-125.29667676021424
-139.71051272053236,-137.12363775454605,-134.6681659982213,-133.60005323733654,-132.49881768527183
-143.00725116838686,-140.6549758536859,-138.35136179570492,-136.90895224980824,-134.01145981254643
-143.00725116838686,-139.01839739887149,-136.36751370865824,-135.24650340046244,-133.43406143858076
-137.12534188428396,-135.42945137846976,-133.632668996956,-132.44801360009063,-126.56834718004731
-134.8345486448731,-132.0454672753659,-128.29547460794169,-127.23294744125465,-125.13854208768943
-129.1163404584799,-128.04985579894014,-127.44831754674577,-126.94736002917453,-125.4445007030907
-133.28917594069773,-130.89516975402216,-129.2269647096183,-127.39940633086684,-126.14557575150981
-133.0550127491458,-131.59406124891018,-130.61826321809477,-129.92368177511406,-128.51230506444395
-141.37017105626342,-138.86597169950227,-135.0639619398123,-131.13246453886438,-128.51230506444395
-142.17117076091188,-140.3490992507261,-139.16073498229167,-137.65602109301943,-135.03560029622514
-144.61777881020473,-142.63297997376583,-141.28112338625257,-139.15339152319936,-137.1130005899831
-144.76489433000788,-143.57690076176613,-142.8429347779337,-141.430107297213,-138.706345726187
-144.76489433000788,-141.82267976534024,-140.20941322125032,-138.66835169775592,-136.5109855461463
-141.0704135002549,-139.22308675929068,-138.5140838373546,-137.38627252340575,-135.89738804496258
-140.1404365896429,-137.55169057480657,-135.16186376598083,-131.63559511608815,-128.87237264716595
-133.39766547360358,-130.95771746440343,-129.60188641315045,-126.99923194854041,-124.99520685159023
-130.99881834189404,-127.71147571461766,-125.17992381170099,-124.02878998498751,-120.45480494480672
-125.07300937324429,-123.87235884654172,-122.13180042383327,-120.23006290085078,-117.53201808882503
-123.7955903782415,-121.6396498652319,-119.97716565046382,-118.37779508873669,-115.37825972823535
-123.7955903782415,-121.20210481608028,-119.84858235867449,-117.1423732481355,-114.07334150249942
-119.28934077058621,-116.004706037656,-113.60311923839853,-112.03195301354852,-110.83046353798164
-121.01349135547308,-119.51173185789374,-116.71505811892976,-112.04065481004858,-110.83046353798164
-122.35553408878415,-120.93697566550796,-120.06379546114212,-118.32491781200922,-115.15490871241447
-122.21403019317587,-120.84930013281522,-119.64225107776213,-118.43796919088565,-116.64726795355853
-120.79656233720533,-119.39021219697392,-118.43796919088565,-116.58597935832371,-113.72893641554444
-120.34850716023773,-116.26575017168936,-114.71915585011399,-114.1699195632389,-112.10333794430768
-117.85491238115249,-115.0827722978716,-113.80340965284425,-112.13888257701775,-110.80700144671027
-117.85491238115249,-116.1903262552919,-112.84907233680923,-111.4598394777423,-108.88205059765221
-113.79067498912401,-112.52933567053961,-111.78985684556298,-110.93905435170352,-108.88205059765221
-114.6001054709918,-112.91319297607865,-111.92042310001439,-111.21751965702643,-109.3700500212118
-114.6001054709918,-111.85319035963603,-109.38781519789181,-107.79655226653023,-101.3986229270491
-109.3912255438935,-107.1651461649958,-101.3986229270491,-98.00663195459052,-94.63229537555709
-101.96049697425983,-99.19652065213117,-98.17132211233537,-96.81279182886439,-94.63229537555709
-101.96049697425983,-98.52385088878029,-97.14673302603975,-96.32403108220318,-94.59667958255547
-99.20611754915502,-97.18519032364146,-96.6035841584382,-95.94840005427108,-94.37879837901869
-97.98668609443509,-96.41897266700724,-94.96162712983232,-92.38281941109307,-90.64123504002058
-94.63139761283816,-92.31556257598031,-91.66322866867264,-89.41322995832405,-85.95630538491059
-92.72065180006504,-90.53914841242668,-88.66106471866696,-87.089757540889,-84.42828955657869
-93.0329977958487,-90.89106887625388,-89.68309413838605,-88.73509373616847,-87.05993930536603
-93.0329977958487,-90.66384256257098,-89.56564357014263,-87.98042750515405,-85.414588241285
-89.77552138100748,-88.41996694114121,-87.49709976555665,-86.7994690052659,-85.414588241285
-88.80434014713884,-87.53111773850958,-86.46976962773282,-85.10647329926786,-81.65148413297547
-88.50349191266149,-84.46000103843434,-79.29311381587817,-76.76438193121143,-73.03650481519153
-78.53001580506219,-75.54775525964878,-72.86311394526157,-68.69100780918829,-63.17156828184242
-71.64472974247721,-67.80723651557521,-65.1221540771386,-63.296857347250736,-61.324797718674475
-67.86724718501316,-65.3365087477166,-63.978765043209826,-63.227287541118585,-61.324797718674475
-74.50192026373891,-71.32521796288131,-67.28554506043909,-65.17650829446913,-63.080316785611394
-77.31708654115438,-75.6156492649023,-73.7043852982067,-72.02604551641207,-66.74928814640933
-78.10685263809415,-76.26348166956515,-75.36889328879774,-74.30984128358415,-73.04461637840926
-81.63258932505097,-80.25118149514643,-77.70597723766463,-75.96186013670768,-74.07275794624677
-83.99123246692064,-81.54241603463669,-80.65785707044273,-79.87756146931063,-77.48545899480341
-81.97329508161565,-80.33007889207688,-78.257044076588,-76.97641105167399,-75.3449388422447
-79.7826863575435,-78.41419549304311,-77.46044264705725,-76.32737292799598,-74.26795420756302
-84.22610451976911,-81.70489361894434,-80.00542589145341,-78.47201200870336,-77.47697217918137
-84.22610451976911,-82.20545112366489,-80.6241575680433,-79.6410000910032,-75.94235990292427
-82.04136748785854,-79.89147318631504,-77.95158012360181,-76.6654662762953,-74.88223645749149
-82.91870478797786,-78.37881625171713,-77.02057011000828,-75.8719388484699,-74.26348438496578
-86.66415127190959,-85.04612563612679,-82.91870478797786,-77.43370096049162,-74.26348438496578
-87.00775990653194,-85.81634808569854,-85.22280329735275,-84.15472541374292,-82.8696125402588
-90.53347904898294,-87.4064240059279,-85.78952474271989,-84.50113904561456,-82.8696125402588
-92.05376115016452,-89.38454187583093,-87.43267139518437,-85.56183926592308,-81.0284750924352
-91.86650431179393,-86.20385462987166,-81.53609891380549,-78.79078579488913,-76.6168109840348
-83.84760013260504,-80.66392845396523,-79.12719481195793,-78.26618950187789,-76.63700109908818
-83.84760013260504,-80.77747057745039,-79.33299629178562,-77.91513261346415,-75.63580109045473
-85.67749775876757,-80.45549666124539,-78.10884286350829,-76.46609545402362,-74.05998683739855
-88.28621667600812,-86.87353846773556,-84.79660063189431,-78.92231694352937,-74.05998683739855
-88.28621667600812,-87.06666561933616,-85.42818240311755,-83.95369585816005,-81.57520475715985
-88.78979927870806,-86.88689380140602,-86.13706614347204,-85.00481558079846,-83.27893166568003
-88.78979927870806,-86.89697352919151,-85.50060535896428,-84.07574722040958,-81.58819475031108
-86.61599743529413,-84.01790270916929,-82.63618600857934,-81.57012010962758,-80.05126128661091
-88.55991153967237,-86.03740574147983,-83.78907222070103,-81.77101783918653,-79.30334504277427
-89.36567170967125,-87.95530908763213,-85.30255403665906,-83.74268858474206,-82.5790268878416
-86.112030560055,-84.16514201854275,-83.63023325304353,-82.96084156533374,-79.82425973765523
-85.79198134448865,-83.24256395248264,-82.44980374022651,-81.60311060423165,-79.82425973765523
-86.20515091187485,-83.72987938979185,-82.62810035822073,-82.0908260770693,-81.16193432978902
-86.20515091187485,-83.8314594037845,-82.47522937286934,-81.27032489423729,-79.289796222708
-88.43051380892564,-83.9437591078209,-81.8821035871271,-80.4456437663055,-79.08249672834624
-88.43051380892564,-84.76910159357283,-82.93085090944031,-80.9168551994719,-78.44296445252485
-86.4389376170312,-83.8550867522344,-82.89319154590711,-80.90697436190807,-78.44296445252485
-88.56022417487726,-85.22460779606575,-83.99701902022326,-83.02030285305108,-80.42735531650989
-88.56022417487726,-84.68608991773536,-83.26549987151105,-80.99133334437144,-77.95841138754112
-82.52213425965286,-80.59947725391218,-78.78146117452897,-77.22226768475386,-74.16859464561398
-79.90124524981388,-77.5072894920046,-76.03316261446523,-75.08680974174138,-73.85374946721372
-83.69753544087754,-80.0193972213962,-78.6164673126187,-76.44658208299778,-73.95284733393368
-85.33624090444484,-83.47183900538134,-81.65120486331251,-79.17261768000424,-77.82955478606006
-87.32602421191962,-85.75357769567671,-84.64075378492714,-83.49635807475337,-80.24601032592233
-86.73827209363152,-85.45645216050917,-84.05581722897064,-81.29547450915426,-76.30147154062541
-85.71876914773935,-81.3805631371655,-77.87763931349102,-76.08324188570107,-73.74219768388248
-78.77482442004418,-75.69664743590616,-72.00940320391663,-68.6247394419015,-63.561969678356085
-70.65426077585377,-68.37538699706461,-65.58670799171347,-64.37619089811638,-63.0336966597677
-67.12481688793682,-65.48116700820961,-64.29881894047963,-62.343714908526735,-58.054296373495355
-65.29047914917048,-63.59425062543663,-60.6323263754874,-58.510945956973934,-54.13863651208628
-69.53187148670717,-68.07872573058238,-66.07770470208602,-60.14067427067926,-54.13863651208628
-70.02977241321037,-68.44105517067567,-66.86191612558771,-63.9488611389073,-61.98910622009725
-68.09439173923441,-64.39770083581718,-62.69010492141399,-59.9400268096061,-56.075612638718894
-63.6403719743852,-59.78713338087704,-58.60845778818264,-56.81692508161306,-52.94807721049701
-60.274601743731075,-58.13682365650036,-56.38245051974626,-55.29407948914515,-53.37815805413356
-56.67289840581785,-54.63239507429546,-53.10646088757922,-51.40706670237273,-48.608159197157434
-53.24580770407037,-50.539813580936546,-46.668806424801566,-44.22637911328964,-42.05141188294886
-46.34268751030407,-44.63573791682148,-43.15151891072588,-41.43896457215481,-39.28994319233525
-46.34268751030407,-44.45716343000325,-42.22666276808515,-39.53862106401773,-35.76679151876793
-43.079863781487646,-39.16128448027459,-36.445567064493595,-33.767374798365594,-29.734778664943708
-37.3373014258957,-33.301005608005,-31.271829722431686,-29.76464060531122,-25.502594106348646
-32.30248383602288,-29.35703001566435,-27.348700940683866,-25.6794929478068,-23.37321380203459
-29.035175712143683,-26.76965958848869,-25.900505995287105,-24.872586123677905,-22.46629951661717
-29.336000354405325,-27.839228872023213,-26.73550547906337,-25.943834738954948,-24.549031695877602
-29.571384830590922,-28.36055368119103,-27.633813232485906,-26.400093674201187,-25.155403681887595
-29.567523495561264,-27.993523589312964,-26.787076069118758,-25.892071668214037,-23.456157939657025
-32.81090136613868,-30.742157340404496,-28.946374229795346,-26.80422960432936,-23.456157939657025
-36.151091139416124,-34.34091000378313,-32.81090136613868,-30.991083555332917,-27.897473862788818
-36.70778470320093,-34.51699283428151,-33.227732551341454,-31.302575607961522,-29.894967177489395
-37.47944149951341,-34.65750089751157,-32.30252630882111,-30.31170866970884,-28.409093261163058
-35.08607062140373,-32.74365426641573,-30.363007239970194,-29.064685308561142,-26.82688803036156
-33.67477014687309,-29.572288920706313,-27.505654125609155,-24.14041682578666,-22.72254311310507
-27.521242957257993,-23.69582015578015,-21.50217220138142,-17.313389123290904,-14.242985926758088
-20.494793397736778,-16.54954718189618,-15.709226976698364,-14.776396813606484,-13.152179331051071
-16.154318617192892,-14.492598168016455,-13.126200192046976,-10.974191427948254,-9.466352385016128
-19.67104287342715,-16.924898745875833,-13.655905945324976,-11.160095551439504,-9.466352385016128
-21.141289236694785,-18.646123048912493,-17.082071968475606,-16.041850527078722,-13.033231214511195
-18.515070558501694,-16.522746607926813,-12.58260062955796,-9.984190006892945,-1.1332567744540891
-13.255447966299727,-9.531109250665327,-2.029697702508667,-0.022669403445945036,2.9519419494431514
-2.6364271014612983,-0.6873202467570778,0.21307332807763713,1.9793630665855004,3.981734065421824
-2.6364271014612983,-0.3789216580868634,0.9053179566979599,2.6843441189107393,4.4470580244833755
1.1556880360380064,3.2550360465548067,5.646076436122208,7.059449166319123,8.034150287192215
4.089988201662077,6.153429620904717,7.072778760507228,8.203268008569712,10.443625196161749
4.089988201662077,6.363492186574584,8.53070534452147,10.411727368609105,11.931883799594887
8.514216900289096,10.9330771812116,12.464234252613595,14.573038414266831,18.536516079571946
11.440890358375253,14.501244887551426,16.50588285164743,17.885725928529705,23.582989780889196
11.388658014522616,17.914144932256193,23.153186932284072,26.787772643080103,29.88288326496506
23.83818279722137,27.727128852337145,29.719552470631655,33.97616053372977,36.64857959359082
30.492011700336842,33.997494901324906,34.980584441446176,36.05673848113582,37.33301844780435
33.35458824561218,35.14664832984493,35.92095337024967,36.57363436096388,38.197386961951096
34.485679708341486,35.90917993433918,37.87774823117617,39.37249337039367,41.25764112764428
36.383129674683644,38.567764632743,40.206840390492275,41.96280739579807,43.46435542295093
32.38860003099545,35.452879325478904,37.833413868268,41.07642923762807,43.46435542295093
26.783410751791706,28.518611784655953,30.712437001503766,34.43800024756286,37.64262743749579
25.380191472267693,27.913418485230217,29.52277800851455,30.999840451667268,35.473806467740026
27.744855525538078,29.831937596426243,31.58957412359519,32.451788170946436,35.473806467740026
27.596310856642663,30.480894914242004,31.287466304240652,32.02681058979678,32.91952067281636
27.596310856642663,30.824544650288782,32.151382216525406,34.13811166676433,37.724724452106756
31.805184458684863,34.3648912754921,35.829633195369205,37.23580414100734,38.95656534339783
33.83377128473081,35.10260584061369,36.05322278211055,37.45424985819125,38.95656534339783
34.251457187963354,36.16650402850362,38.252755980474696,44.36346768596731,47.97723414243677
37.44198422200746,44.3279519511901,45.75535373151878,47.083075703270154,49.03681809948561
41.847347197296884,44.75756199065451,45.76261899275806,47.518860929106125,50.72955617412168
41.09333989601677,43.424279910347884,44.84461161298337,46.200387385169776,50.72955617412168
41.332228147996084,43.87819112107892,46.76459152503584,48.3465351631806,49.721218019871465
47.54761527981278,48.56967847843968,49.81275501867463,52.122872380269044,53.51834049217846
48.93631634545283,50.172955382567636,51.2605082886486,52.21063158489423,53.51834049217846
48.93631634545283,50.2198733830022,51.38953472292225,52.20117709685066,54.73334490554899
50.67056808357044,52.554198660071314,54.012381616235984,55.0791959924035,58.267226474411615
53.731915263207256,55.715437067011216,56.99323928896678,58.74710201740008,63.12912409914747
55.21917808961608,58.13191378913903,60.842959597912156,62.388293647047554,64.33762184576385
56.933162468221155,60.028240419463174,61.992642740724406,63.6035416286938,66.71676733184778
61.04518741113602,64.41890861251147,66.89344855354607,69.16969722045216,71.86574057474353
65.9856667837659,69.16969722045216,71.78388226270134,74.73622093389037,76.10770921893554
69.83445358796335,71.25324607284817,72.55445228598373,74.76868122599544,76.10770921893554
70.08297937407912,71.90282651003817,74.8448705655276,76.52264697051692,79.8411341030383
74.5378860483157,77.02202218779247,82.84583241757568,85.23509446304577,86.95032085222174
83.23867510759054,85.73743735534094,86.95032085222174,89.20136347754953,91.80066677344888
87.23561496481446,89.80055492578012,91.08204325302789,92.6923664687021,96.23904165571655
89.20582807236146,92.71831039965264,94.91253177621003,96.20208522092224,97.86108477152173
89.53823528690342,92.60866970684368,94.91253177621003,96.42148437379339,98.466189364993
88.3604456944448,90.44947508200022,92.15660597031723,93.75468177390971,98.466189364993
87.47807149431134,89.54222383070038,91.11881614816801,92.57316467825734,93.99083268571009
88.46693395788176,90.48871264430248,91.69078388094154,92.34543547064844,93.73459580462534
81.76914258192609,85.08871856436684,87.31547656294805,90.34562986796266,93.0925621850748
77.43358822296662,80.35987567808517,83.27713393866806,84.76898180426741,86.65762212972056
79.199985992447,83.49706795645706,86.51021764551317,89.81305594338836,91.5583837241054
85.50488913600014,89.18126857627276,90.08422864659313,91.0671648712988,93.91147460362784
86.5410878844649,90.85392521758087,92.1348568570684,93.03964037753055,95.01436269331032
90.81710425916526,92.99429256472024,94.58312726122509,95.75181689164654,98.42643639974649
92.73085550368917,94.95463860163153,95.90119060456072,97.75115133929599,101.66144218033534
92.73085550368917,95.97829873606186,99.07863615297177,100.68192118058533,102.48729315795616
97.84812926455554,100.5889639799083,101.45935741069958,102.26962248370704,105.0384847665265
100.19867116912916,102.39420315753779,104.15175727009645,105.8736550855826,107.95813218668161
98.92341038053995,101.96664747010425,104.30047658126094,105.99988366714595,107.95813218668161
98.92341038053995,100.56248518068205,101.7120058573226,102.74054893893577,105.14681607810553
97.5898486525347,100.19372195591578,100.7804126798141,101.45331337204675,103.65335211203656
100.41665037077178,102.20375603338047,105.86949835366143,109.99739872723097,113.97851297312374
105.61718293395627,109.82170488100677,111.22732358308286,113.41298323873878,115.1482787546498
108.99103401880573,112.25580003038753,114.90029530367536,116.57244676386253,120.53606618747452
114.33189896909424,115.94341121681286,117.34412060629579,119.06933842356753,121.34153175388333
107.98527332680052,113.19845469820602,115.42151714161346,118.0958393415847,121.813187348954
104.79608345793054,106.36841542939285,108.2860261991192,113.40231923895057,119.01319166051034
104.79608345793054,106.33375494947487,107.23270172865766,108.35503920709507,110.32725956534959
104.42813426513891,107.48563949686412,108.6249203084897,109.53075885148706,111.29267609716344
104.42813426513891,107.26390653499745,108.68101952792222,109.5264638419392,111.08006367310921
103.32531392331984,105.40749971819417,106.87752347978235,108.66026656328657,109.86048059500409
103.32531392331984,105.88541095034684,108.20509280306253,111.90289319346724,114.71786362659684
110.11935563463102,112.8007826858972,115.1756334740673,116.7640839181787,119.53675152597484
115.10923937715374,117.37756782469152,120.54580471974548,124.16863403147973,126.62982533048847
119.97371970282416,123.00220804705287,123.66685575305773,124.56898844402028,126.62982533048847
119.97371970282416,122.19537904698464,123.45909206444068,124.98411895824954,127.46921135094047
121.52332942883989,124.4673870519219,125.56292435791732,126.7653217117845,129.37124186658596
123.32926505909965,126.06023588768389,127.92267132129186,131.65147964186727,135.95196285697278
127.06140509111718,132.77680613338399,135.4775631705893,138.08114606184012,141.37516694337725
135.9428795584181,138.53263577217425,139.967271543308,141.01857747552623,143.1246748464303
135.74645279556975,139.4768392510682,140.7433415543509,141.89404650888363,143.1246748464303
130.71060152520567,132.48598504050145,135.91864591080346,140.54287352489757,143.5526012675206
129.29189729832282,131.21453583853395,131.9711130237539,132.70855078569332,134.68225354011778
126.40515794611049,128.6640580166606,129.9160025776598,131.71597987117727,133.04119621777238
127.25097532331948,128.75770792135597,129.55536180323335,130.30711375944207,132.25654389250997
128.48207497175366,129.89065600315348,131.55762308705096,133.33786015951384,135.5145877618009
131.4714825914426,134.0094043658398,135.74452155133753,138.53566366657736,141.11996158534262
135.103933900858,136.55584420917225,138.6232849677453,139.7678047485907,141.71455970451632
134.81897956535045,136.3528813151362,138.20331777004463,140.04087513276778,141.5185757964587
136.437363229134,138.05576460287824,138.8717486105513,139.97399509117125,141.5185757964587
136.42481570354298,137.6395024637265,138.19816022229512,138.86157407658868,140.04242973893344
134.73513608941906,136.54910865834657,137.64390865198175,138.49352278729822,140.04242973893344
133.17950460619352,135.603923316886,137.03662943066576,138.11662519495923,140.3480302541958
134.82895417954742,136.75736772707975,138.03857129658874,139.5118175982899,141.88745674761697
128.50880575547575,130.5071495928619,135.48472983433393,138.1207340243522,141.88745674761697
128.50880575547575,130.5018375293251,133.8567617396809,137.92329589307352,139.91664393085372
134.19769024700827,137.1965823907082,138.74706774345907,140.06639203774265,142.44762220427927
134.63068437656554,136.39455123701444,137.19240660691042,138.012037050729,141.89450408933178
134.53401764833248,135.86325324889424,136.3066472091024,137.27795258187297,139.13363774404888
134.62135500339062,137.74106661913157,140.10013596434487,144.41289212127933,148.8202178838624
141.78930762026147,145.29627853422218,149.1157608542064,150.2755906163746,152.75545570665406
148.3576558813665,149.85419421253374,150.67290693795223,151.93430725301135,153.78190243273832
148.3576558813665,150.31537277615027,151.5414916681846,152.77922569924976,155.91257211605017
150.21644436333943,153.0878100049776,155.61179787991028,157.58356924649348,161.47653594371343
154.65198101524905,156.26007500404958,157.1482625002087,158.7692742014683,161.47653594371343
155.5970166293299,156.71825448193925,157.19750396037915,158.2873618826181,159.95323970648454
155.34929736090228,156.76756217443724,157.62975276777522,159.41667288996936,161.98276352653588
155.18029840588264,157.5444529075706,158.72242123654328,159.66210680408903,161.98276352653588
145.21618942526146,148.40737695080063,153.4964336898958,156.85724741246543,159.6393562838741
144.79683147863318,146.1557149315363,147.56064002101402,149.59718024525486,154.16284969006887
144.08104516691523,146.2983768648541,148.2930018537986,150.19365615382657,152.39593656472067
143.41685383544885,144.7317983026378,145.7679513246103,146.88039409984862,151.84750087762086
136.52677628699342,138.79127687588237,141.97302826547894,144.24498572217135,146.1736207056793
136.52677628699342,137.73316833093955,138.60827920050775,139.70837756145923,141.79264663441563
137.40624113119782,139.4148137612754,141.9202706579589,143.20494911952952,146.209484933791
140.2282545783236,141.93745778390604,143.01162713429198,144.87961680848028,147.1220843061866
140.2676157197068,144.20056578975982,145.11799046355014,146.24824651329396,149.6962775256058
143.3181997127351,145.71185524435427,147.58129318174093,148.50150814075332,151.05232909589006
142.23848453227555,143.96048590552263,147.23571891835672,148.71230742237003,151.05232909589006
138.79405111676888,140.84234583118203,142.49049804955573,143.7998548170048,148.11899830395447
134.18602907191976,137.40110909800472,139.09183730977813,140.72434402176555,143.88684799835235
133.58597219739806,136.42396780113432,137.40110909800472,139.1702190740177,141.41364605043694
133.58597219739806,136.5449356403529,137.46674404276754,139.94958308163507,141.3721029533718
133.34518326464726,137.33920420639964,139.94958308163507,141.9055028920513,146.52843318641553
137.96616532978533,142.34492926476588,146.0946882352846,148.39590691933415,150.01299729038558
143.4401904445789,144.9581908052398,145.63956186608726,147.46762568184272,149.89408139704935
136.34875232673036,139.01834789164624,142.06311776753228,144.96921678648727,146.5251646756393
135.2988807199579,136.8526779124553,137.73238907441353,138.7952628816462,142.1935596869902
132.36973213480067,134.40543007835976,136.37973795303077,138.04740600660014,140.04243811905
132.36973213480067,134.25409597453915,135.67022070144552,137.2720144080505,139.05090110944496
133.80178233172248,136.75237694331042,137.90595209340975,138.9836395447953,141.0927340852331
133.1247429193025,135.39741183523842,137.9128795184674,138.99515941369435,141.0927340852331
132.8047581986651,134.4633224238719,137.21487299614054,138.93414234027486,141.00020177211354
137.79323602280624,138.96383846021368,139.5333075042714,140.26828405540851,142.83421938491125
134.78373018982325,137.11572804422738,138.7788349980047,139.83599376821564,142.83421938491125
134.78373018982325,135.64423937474336,136.33400768619873,137.07717558741047,139.15177522330796
131.28600637124913,133.12760931535416,135.05063199971337,135.71664796250738,137.4904437079066
128.0315842278191,131.26341846477214,132.2935900817126,133.19266691644856,134.88354528092418
128.0315842278191,130.86578556555372,131.6245223689379,132.60933598435247,134.44253516296365
129.173298549041,130.80642133270092,131.45798768584137,132.28077053179442,134.45756243952283
126.34001008984725,128.68149558571793,129.79990381521523,131.3277247421155,133.17663000642747
126.20209518199245,127.90480202788785,128.90310036941838,129.75069834744235,133.197803918585
119.26326669519611,122.68126240609078,126.57814289834633,128.15812338096868,129.6369868205827
119.26326669519611,122.043512807763,123.51418168389549,125.68962030234623,128.15641919487243
121.19518970826142,123.54781589899605,126.22674062443647,127.91779047450383,129.87357030144818
121.19518970826142,123.1365278353831,124.94948496132898,127.39171747250558,129.87357030144818
120.93793218702857,124.07816945032907,125.74274940555077,126.99651988009091,128.32168987890276
123.94079760950176,125.45802245194164,126.46032192506769,127.29964739679585,128.32168987890276
122.34837312728446,123.77064704444255,124.76173085035558,125.777927419933,127.47090994499136
117.91407781408053,119.83360052219246,121.7190745284906,122.9511058424676,126.26884668522264
114.21553990030675,117.26316067834594,119.30042516634636,120.93762920163773,124.14270659467581
111.55507639497239,113.73907808535932,114.79932674318567,116.4574213655694,121.11081776743129
108.23237123959093,110.48760817409645,112.12748537624329,114.57107466872314,116.96642227539456
108.23237123959093,110.48760817409645,111.88284942846927,113.3058964093212,115.29174384240729
111.50753155267354,112.94328202129677,113.90112498723342,115.41765585423519,116.91418701673753
112.29276448385862,113.98652003669342,116.23295258193602,117.26714518672813,120.36154128343041
113.78943560375465,116.9429252509727,118.04815754968915,118.8957501888205,120.36154128343041
117.2277065739797,118.52518114574852,120.19260573941662,122.4336254108004,125.0607543761782
120.4201610902348,122.39064769921757,123.5627617276985,124.78458381410451,126.2436087209788
115.52508669842032,118.67160658157991,122.64108198085168,124.64425987057639,126.2436087209788
110.67694468654562,112.54382363626414,115.63903333573435,118.50369653969828,123.1482568531191
110.67694468654562,113.43874806817786,116.94020636046909,121.9551413800405,124.6539258341611
116.44792148881935,118.04030161162191,120.52800206492245,122.53568358381436,124.6539258341611
109.77256031880466,115.02579739297673,116.90112946583561,118.0784775275201,121.52859338532609
109.77256031880466,111.35935895987434,113.12911961745345,114.97571754559962,118.54592334976631
109.35887125548996,111.50897578564248,112.90970762229105,113.80422820457166,116.90289913899161
108.10838960087895,110.15485382625208,111.04558149586146,113.62426540174309,116.90289913899161
108.10838960087895,111.62289257705814,114.48010785534095,116.3871602166857,122.5966393982553
111.63866329835707,113.39031955701391,115.100579244836,117.7412761558592,122.5966393982553
111.08883651777629,112.39149380800167,113.37358713202426,114.1550786583182,116.04196043325163
111.08883651777629,112.84325048466694,113.98680894338358,114.99675021341403,117.84638720856871
111.51256310358538,114.53472025115806,115.78208095861605,117.2680174566066,122.50187658634484
113.45266557047563,116.37474973312416,119.15090910406427,120.55585912224392,122.50187658634484
117.17119632830803,118.57002104529093,119.64940160618038,120.7868938388228,123.6359075820743
118.49875776696976,120.84069597120717,121.70217479797084,123.45913905610092,124.84341689620456
113.63388546851306,116.1496109139226,119.06746562180182,122.52118845806865,124.97960558721886
113.63388546851306,116.4947040743162,118.50987300903945,121.35037849048216,123.11753518684543
111.68886589337765,114.12359514037531,115.88958412573605,118.18259187531332,122.37231486906607
111.68886589337765,114.11439015040199,117.72199473047196,123.48407116272516,126.87327953179948
118.99872893094397,122.08597839471858,124.60990488994648,126.30658568231578,128.00998556963702
111.36669470826564,114.77663162459733,118.31985014266266,121.83715316017145,126.70714904811176
111.36669470826564,112.57050678239759,113.55126026826008,114.44392224068446,117.80753691269608
109.92078515819647,111.60645691032931,113.3799281235593,114.1599947773004,115.82534598882685
109.92078515819647,111.59958501186459,113.24317592119266,114.19435381703336,116.30322447279583
113.17089946501086,114.36580042965777,115.97981971983916,117.63784730231225,119.79964322720424
113.59925089670939,115.8447465225465,116.77896357750981,117.7610754900827,119.79964322720424
109.82215546450851,112.1818414562691,113.99955495581025,115.53498259287177,117.2295063178456
109.72674743239587,111.34902477650976,112.33814085384174,114.25408551542857,117.53115422849781
111.36847680350458,114.08876095422914,115.80288643937166,116.89954568421659,119.27514964561088
109.93699386274338,114.40441282691054,116.23267761894633,117.4746153763022,119.7414743555485
109.93699386274338,111.7422974315869,113.72941410537587,115.18245722653646,119.0474759339561
110.80042870541567,113.60244975832467,114.32513248034643,115.35659556865647,117.00377302614436
111.23790349707764,113.01103970766536,114.48988926165173,115.53135603973517,117.00377302614436
107.31604994724562,108.99997794218302,111.57732241730547,113.17396060261774,115.98452872743248
98.06731710629506,104.09021752399735,107.98307703005122,108.8587775973347,110.06862714459211
95.70317701862622,98.55219362462972,100.01399048552375,104.29018904375582,109.78195280304901
91.71725770547698,93.68026068759849,94.98731075045679,98.23571964495332,101.26224441977234
85.39627627711894,88.47706394967852,90.25478557289016,93.4055326161272,96.28549868081511
85.39627627711894,86.94122919969298,88.28614816471158,89.51308908003804,91.37622370627847
84.31172954506818,87.2718733351038,88.3494994225839,89.5370697787438,91.37622370627847
81.99757898716693,83.55705563036071,84.51038537928383,87.8650812907882,89.55809151629686
81.99757898716693,83.47837974093741,84.3288665248671,86.1161582813356,87.8415086191798
78.85692785659455,81.42792171498297,82.63714571657519,84.74766468879434,86.92580348330209
77.04641128250658,80.62913088535372,81.34634371595979,81.95010243430639,82.96158418316908
75.06596071169578,76.95874411997288,78.44128662910073,81.0906379792759,82.94751305139376
74.1212818810314,75.89015613636097,76.64715349413292,77.61288382991316,79.35132454718521
74.16542382743232,77.52170673334712,81.74920488524079,85.18289567924542,87.5762934467502
82.34506911048867,85.01346348801233,86.32380262686958,87.20004644019104,89.41376032877814
83.50431587080595,86.3832158749621,87.38702778512123,89.14478029856149,91.68030385835256
85.77147261053818,87.62382741897669,88.81528323969565,89.59134260981682,91.68030385835256
83.69658053847492,84.85164914502654,85.83713752760833,89.08935093881254,90.45512970010397
75.44837828395062,77.91679054798715,82.4437205839769,84.54743171451818,85.73178656049257
74.93034082550771,77.10971720398774,79.85980841435413,81.37773229493811,82.7371533050983
76.64843429650563,78.36131565189255,79.7011441477371,81.23895067630217,82.7371533050983
76.64843429650563,78.3656626017833,80.21135537882283,82.11570518572618,85.68843832685553
80.56221536857652,81.65933387946697,82.3986012267209,83.27869349151077,85.68843832685553
80.3200968707454,82.1821046051057,85.41667411749877,87.04338378107937,90.05778542489107
77.96252288781648,82.2659287411687,83.63739114467275,87.17144449148765,90.05778542489107
71.39200575574937,74.80220929382362,76.51117725559355,82.12359906126659,84.04743388681854
63.718604933870814,67.23918663255776,70.34564748279783,74.03742173278988,75.90673479817862
59.22676885797165,61.948582785503035,64.28823814366011,66.12505185192983,70.32463616652295
54.067173724301874,55.19908553067476,58.42899201983452,61.407917291976844,63.31840449003264
50.49403361498414,52.38110636554477,54.12511344598393,54.921053548098,56.6195283868181
46.71406051679922,49.2101091979598,51.11657444843908,52.1611836752679,54.63727622581887
47.05793894377111,49.236337824100374,51.31142269081706,53.57198026515245,56.02140189135169
48.11446365133644,50.31411156792112,51.61827365395071,53.566040941428966,56.02140189135169
45.51951327770012,48.59854116527973,49.87643781456474,51.61799729642976,55.227329067536026
47.40282498291946,50.784290963122196,52.50721057998043,54.70711382672949,57.384975431374976
47.714222140327635,50.680848649578856,51.89625908743143,53.51160605227359,57.42970163725972
45.862348466518284,48.09796698805026,49.63069646068295,51.928950233212746,57.42970163725972
46.41821002405802,48.28056288187166,49.12109701248986,49.87435953970453,50.923038078604286
45.30421450218264,46.52316413540797,47.46292808915713,48.8019486920692,50.769810031405406
45.30421450218264,46.96129278855556,48.65441133439203,51.360583471304395,53.53864414174275
49.869752602568184,51.52983454349628,52.48687561658281,54.07150110442125,57.35699714031697
47.11589374188046,49.41162298726235,52.467098478462496,53.73025724003565,57.35699714031697
40.46355637107949,44.032290247787,46.48863757235577,48.59188101653831,53.36268643276186
40.46355637107949,41.966828004095284,44.16672834823466,45.8533656252085,47.60713620774827
43.250133965715094,45.43288894441121,46.487258282348215,48.37725734606015,50.97875755787301
46.84336686050536,48.40005638200893,49.46445783497925,50.45530828762426,52.05938064818681
44.688407474277454,47.03558308834449,48.19782712093415,49.27771211965238,51.76984425647201
38.9782780157425,43.07325327050767,45.924925006001295,47.60252595602956,49.98399997680892
38.9782780157425,40.970850661335966,42.36020831169104,43.27735231126865,48.545188986975
36.93708488442112,39.50590537556868,41.04463219602429,42.396372783328374,44.033581722823584
37.35300618592061,39.459290243089214,40.68169994102857,41.414544230351694,43.28586638793001
37.06019263548037,39.41206134847848,40.72492989538159,41.80867639687136,43.49066975674855
29.322002448104033,33.6612639835634,37.42667837712122,41.25568554033549,43.49066975674855
24.91343050083326,26.752744256412605,28.887647965177834,32.959003253108854,36.71669520105474
21.874388309344656,23.274401778108277,24.99471266954835,26.431699559783706,28.333484649671306
17.71884186705901,22.01259065335706,23.57083541949222,24.784055356909597,28.320671066371062
14.573853108356076,16.382492862456623,18.078966746796347,21.58486214912733,25.16329948136258
9.942187356682378,12.99957405737121,15.152416491443073,16.43386016628115,18.21823717070748
9.942187356682378,12.979213022427482,14.627547637283904,15.921944340861726,18.929524458958003
13.657676054883563,14.841232492832937,15.578392965220399,16.428705036748184,17.886191656678783
10.751465594689108,13.244309769666511,14.56780389288809,15.54558989796243,17.068324951086886
10.751465594689108,13.13808705962825,14.19874790982492,15.836108808346372,17.460618392070636
11.70297273343673,13.188023573126612,14.248402529688043,15.786576841051485,17.460618392070636
12.488840657874182,15.028965105452633,16.07382257270784,17.77824171284174,21.366446753797536
5.293154711640692,8.729460253342904,15.060458786120966,16.81684228910609,20.226106543278664
-2.41300942261495,1.3473904279010878,5.144066940666658,7.667679139262304,15.516377215575746
-14.666540145690911,-10.247734743904243,-5.548949129906376,-0.6495378381295602,3.827984326466229
-14.666540145690911,-11.370861918377738,-7.594461369837614,-5.865827490298468,-2.486019023499388
-9.031291332631376,-6.828253677913912,-5.9586985965949335,-5.2732822759687075,-2.486019023499388
-9.031291332631376,-6.350302210507378,-5.45037740174295,-4.63130173933403,-2.047555549483703
-11.033179214115602,-9.039863156605584,-6.982888500386279,-5.034160315362909,-2.047555549483703
-12.594469647164502,-10.267725349560264,-9.216199024207697,-7.525820217973605,-5.775153758877382
-15.694396829539519,-11.60955965629409,-8.938494798370762,-7.059124588050105,-5.120825688165852
-22.60986589080675,-19.51315616366937,-16.739030464621973,-11.78755562922271,-5.633793661025631
-22.60986589080675,-20.41874065502677,-18.228145240702247,-16.988766674353407,-14.195468385769821
-18.66997972074491,-16.7531202571474,-15.83908070101294,-15.153056050880531,-13.89362760208656
-19.045169925299206,-16.514250461689826,-15.280404391209363,-14.188379247775567,-9.719013561129895
-16.492843151420875,-14.700589910949088,-11.927151468811159,-11.113803050914946,-9.026751588201535
-18.690347455398157,-14.28169414764657,-12.801672569174539,-11.424882682716904,-10.292948788536254
-18.690347455398157,-14.761248694004864,-13.417327572216962,-11.74198323551666,-9.373578706266695
-15.658380664609004,-13.565012732513757,-12.156538557090661,-10.5843434553306,-9.11251201048243
-17.860139265750664,-16.15096176109635,-15.198382053817628,-14.2027294176922,-11.447047474464641
-22.4309272223464,-18.737213057791347,-17.089823239285394,-15.368430756560453,-13.68875972970129
-25.53214245507367,-22.688334637544653,-21.09756051038827,-19.580208143730275,-16.83107290807832
-32.992245971194755,-30.291651919454893,-25.951607633549695,-22.880705319032074,-19.771659954984152
-33.793945905849945,-31.668904900110213,-29.592647368113415,-27.833980873974475,-26.161918008967437
-33.05903635859819,-30.011067996415285,-28.126909697528323,-27.166188387768525,-26.14271875755519
-35.141734850826246,-32.76906848984285,-30.141071519084505,-27.744560895183366,-24.93902797168183
-39.22654957178202,-35.36772722577473,-33.407267771321855,-32.262612820523785,-26.836049808801558
-40.27521419435166,-38.57564084608777,-37.194215259403016,-35.187226644743454,-32.1917855782313
-40.86691198027998,-39.06028162862689,-38.5338790423457,-37.702319429876404,-34.63125509904458
-39.7603307884259,-37.794810212761725,-36.2448163206721,-33.462750282113284,-31.355157936934717
-36.356124279302385,-33.10191201601484,-30.367049365317158,-27.46923997671305,-24.78352520754374
-30.981611690577232,-26.881150141243076,-25.579505037404896,-23.599701200782377,-21.917534926281384
-29.08674711855236,-27.11544767171911,-25.315431541019173,-23.564157485794002,-21.917534926281384
-29.166951128812702,-24.663563698152306,-22.447193962069257,-20.503876256118414,-15.352898125967418
-23.68116308331213,-20.447646778472084,-17.235652171310115,-15.805372609415235,-14.064436750208994
-21.19173727460202,-19.747624986215783,-18.271118899139577,-16.63093501221958,-14.085502859362906
-21.705380477940594,-20.34237424190234,-19.925431583779247,-19.415089755948987,-18.50299662699024
-22.6119096503798,-20.943443623200494,-19.93127389096138,-19.21241728100244,-17.717245707960494
-23.750883887009895,-21.646757892788987,-19.73062018295714,-18.467301292620558,-15.145772159406828
-22.448693183695948,-18.407578206280476,-15.021890510999391,-11.005340290964694,-9.499438370274378
-12.206394172291523,-11.158850531161221,-10.420032213630318,-9.734927635606976,-9.145414359570426
-15.916520494904404,-13.837276964016905,-11.795740852021833,-10.667371655239098,-9.27561343511059
-16.511317120125575,-14.509359656579827,-13.93272149018547,-13.346875702785443,-12.05958338772156
-16.229718267685247,-14.049800440670998,-12.738487287129214,-11.498777256387932,-8.175257988707918
-16.036732328211592,-14.157910770631092,-12.57368816458193,-10.612802488091313,-8.175257988707918
-16.036732328211592,-14.703007138046669,-13.927673592846604,-13.441051900752985,-11.669997579452115
-27.77848684497778,-25.552389884074337,-17.771643949178117,-14.699927469770847,-12.156173404392504
-27.77848684497778,-25.746482253776964,-22.519790958470416,-16.643562745807905,-14.751815710719592
-20.176034083836385,-18.137314486114175,-16.861920732415342,-16.1416956243665,-14.751815710719592
-22.72238884181822,-19.594471729070236,-18.62633503617773,-17.53499761402473,-16.239400579963846
-27.083726667639343,-24.731668217088085,-22.332964722062854,-19.648560835979758,-16.672491205480274
-35.34074438150387,-31.61136595451582,-26.80615116464352,-25.467685122470495,-21.176361170337408
-35.34074438150387,-33.18551375780494,-30.616869844344052,-28.083717924682635,-24.925220471969737
-32.92382012479081,-30.26074245753039,-28.633116571179432,-27.310282259068256,-24.13070173236191
-40.19795391303247,-36.29447332091307,-32.92382012479081,-30.579081440176342,-28.474436526525505
-40.19795391303247,-36.820525180123155,-34.38605878310708,-30.494751211654986,-28.177373096028823
-34.370595287196025,-29.893752021074864,-28.36903018936954,-25.78380209087466,-21.672869739737024
-28.705969187103346,-25.642911395499446,-24.21470606283752,-23.370734593434143,-21.45666205778763
-33.241118982192646,-28.437709299456305,-24.266348233761843,-23.362881397079917,-21.459468272655975
-41.087192982927924,-38.39284529846108,-34.11850223680512,-28.767289356874024,-22.058414648293972
-41.087192982927924,-38.60248864982115,-35.038542696359045,-32.93285870296087,-30.098407054534327
-38.20190730734668,-35.53426151932991,-33.40541764812257,-31.626017681365912,-29.42535451988235
-37.08562714351741,-35.93152490971548,-34.17734735954397,-31.895084969590123,-29.42535451988235
-37.08562714351741,-35.18930562253271,-33.27474442914958,-29.891261653662973,-26.24381113303109
-35.491572883829555,-29.075854753595955,-27.33251349648726,-24.836813166716777,-21.883793398929416
-29.116858075646277,-27.633993428298396,-25.61576227014008,-24.037637407130177,-21.883793398929416
-29.43665985008311,-25.636248380079792,-23.867161862525446,-21.11245515947979,-17.73688363611119
-23.994929452416656,-20.9757381231944,-19.894904873076957,-18.99931070068513,-17.51534064946931
-25.616757337018317,-23.93580572418935,-22.554742310716087,-19.911836920902847,-18.7370981031462
-25.835607986531187,-23.95878550883925,-23.300687985603442,-22.24692702461639,-19.814307544944576
-25.158005471528266,-23.387945189290278,-22.38981988312364,-20.741866768965153,-18.936264473325874
-23.965790493090434,-22.4612871161332,-21.34804775202432,-20.2702323988306,-18.936264473325874
-25.850309674294785,-22.284830893907852,-21.03610884985531,-20.099714638612014,-17.899322125455623
-29.422558276707367,-27.802608698851177,-26.083218453196697,-22.344879420954427,-18.323402164228504
-30.569606925999004,-28.21362136757157,-26.73237407139799,-25.46293582823386,-22.427165896916733
-27.35026219687145,-24.96522086665332,-21.004805414451248,-19.950740771315743,-17.38876851952155
-21.186982796140114,-19.561915596763164,-16.673515265476357,-13.89785266148657,-11.164405739992633
-17.974397348234973,-15.728789976216891,-14.258898134454576,-12.261902423652703,-10.106553638432038
-20.783636658989384,-17.309805839953064,-15.451091854127053,-13.710367323474177,-10.106553638432038
-26.225240895877167,-24.613548736103578,-21.20326074254359,-17.494276481797904,-14.6805605658331
-28.349071200822408,-26.271192624512356,-25.33172990687966,-24.35246422042073,-22.90953951755461
-28.349071200822408,-26.999093937037987,-25.826447640726737,-25.038659975005977,-23.906045170344562
-26.352016782283627,-25.108173030876504,-24.222594594109204,-21.543775274547805,-18.441159994580346
-25.204344391367645,-24.052607234531987,-22.686881341144392,-20.6790895663437,-18.441159994580346
-25.204344391367645,-21.444845295790564,-18.754398369333085,-17.387125545882512,-15.869114017026174
-20.156220276731236,-18.37940059297932,-17.63094937678968,-17.100818192185983,-15.566126378469697
-20.156220276731236,-18.084581755594883,-17.19648445973087,-15.881863706137004,-14.550521678468185
-18.16083110638843,-16.036949122537916,-14.906691426996991,-12.718315967186186,-9.969823106384315
-18.900564636837288,-15.416378259727036,-13.868490395533637,-11.542586051006609,-9.969823106384315
-18.900564636837288,-16.137934084075656,-14.52781040769306,-13.321012330493884,-11.324969060926467
-14.536251755585496,-12.622616885345765,-10.211149018314806,-7.112957764368778,-5.302699811086194
-9.780234830238996,-7.602164713760951,-6.72392529550889,-5.894723520046411,-3.578445962137412
-9.780234830238996,-7.362393582704887,-4.308490145243246,-2.3209120481650856,-0.7468759624403432
-7.771150835237564,-4.942772355377391,-3.4378790630574834,-2.127648797629318,-0.7468759624403432
-9.685368224229272,-7.07998354455448,-5.537456827471447,-4.61000566473483,-3.086647490571123
-12.853179471121305,-10.797490126911178,-9.57495001414248,-6.633702558743357,-3.550450254524999
-12.853179471121305,-10.845973816024722,-9.900410856822914,-7.415157434931033,-4.739718572591476
-14.287590629318014,-11.877222312772169,-9.495139766298635,-8.058673286307851,-5.14995760965574
-17.112597745947348,-14.43049265595738,-13.325958051589236,-12.10215848779195,-8.026511767277988
-17.112597745947348,-14.86260415312639,-13.103607049299699,-11.889961694099837,-10.183752989461812
-14.715900860094813,-12.409549776438109,-11.462127151610858,-10.706186416443911,-8.69697771868349
-14.715900860094813,-11.587261259747699,-10.379477840374069,-9.27074452819069,-6.987223175320933
-11.242657089073575,-9.84232947744754,-9.024044518903967,-8.323407408854845,-6.987223175320933
-11.242657089073575,-8.659279647128049,-5.835986917295072,-2.502833740018769,1.924565905509911
-8.257672744845301,-5.443601915953722,-3.611468378882444,-1.224830359100171,2.587172385825262
-9.382184970534325,-7.482591879214098,-6.4849081253147585,-5.346987954193418,-3.0373917109853035
-9.382184970534325,-6.197222233015976,-4.431713081900819,-1.1554276497350462,4.742899860295681
-5.677893295038977,-1.1554276497350462,1.2455850361870942,3.938310000213601,6.103083050065964
-4.9677508141331534,-2.0569511490387553,-0.7285751458410841,1.099823910268495,4.048989088836413
-7.481471002260028,-5.312045798654777,-3.540807757283238,-2.2693196032017213,-0.8553542740008155
-7.481471002260028,-5.241190462420675,-3.1900712241956946,-2.255587016563916,0.07058100310697002
-5.570717339398102,-3.9782026457588344,-2.4143673250982074,-1.2219185234673635,0.07058100310697002
-4.121245556762426,-1.63804620370685,1.238306620562763,3.9820153618528042,5.952440908516781
2.8127915700073345,4.455814955341506,5.841550762311388,7.923978815056614,10.185716887220016
4.5069431315734345,7.378190872552633,8.285864987355199,9.21181984035034,10.607984842452334
7.061350768928628,8.606784865271278,9.932839580742359,10.866684895624985,12.467837812835118
3.917546033502039,6.348885888999853,9.949480999658277,10.806618576961005,12.58767193784107
-3.227537657662359,-0.09037459788554747,2.847762538954494,5.837676239839776,10.38892926911316
-3.227537657662359,-0.14411092720126756,2.5576792585171155,4.438869211689294,7.201806575612266
0.4820326789553371,2.887731167665759,4.019325704273098,4.939746783835702,7.201806575612266
0.4820326789553371,4.157530484872545,7.861145106342759,9.587819414725171,15.490929202470772
6.896866192612526,9.342257030669376,11.302306967473546,14.24006484083446,17.22784091873449
4.694935879280539,6.31937199223678,9.241528482318135,11.160276269696462,14.410997531215097
-1.9465387349802217,0.16181511602652443,5.018236337876806,6.298104961130504,9.844094429453067
-1.9465387349802217,-0.0987096164788121,1.3298084220581465,5.43674513087608,7.718579044438106
0.2723998470291953,2.1034688166560347,5.4468822823499785,6.160546213682608,7.718579044438106
-6.805649280794879,-4.659834597978088,-1.5776827933500546,2.9393323246256946,6.709666418126291
-8.659449903564848,-6.215582477058447,-5.32917744186579,-4.731873712778805,-3.721939298534104
-16.671687185035807,-13.63655759510955,-10.853039284128762,-6.444209285920041,-4.70337894367562
-16.98569723946592,-14.546648029985501,-13.304762257110673,-12.110770271759584,-10.538924355953883
-16.269207136706797,-12.618179328557314,-11.938704796404231,-11.014839815453094,-9.013750361580463
-20.1860214739973,-17.328059126558774,-16.005870871580104,-12.110607683201449,-9.013750361580463
-18.76691930281714,-17.740029533543453,-16.968928355228652,-16.28504800430436,-14.949357636603626
-21.62662021444701,-18.94594994216625,-17.49193328152309,-16.198456102139303,-14.18478435986695
-21.62662021444701,-17.25006784439485,-14.593790297192099,-13.341952355902723,-10.556511817387387
-21.751111000837252,-17.379824493373178,-15.937610718102412,-13.49336415121491,-10.556511817387387
-27.957465952474386,-24.208847539815768,-21.986982112860282,-17.772495344293343,-15.458442790340602
-28.67406813006911,-26.088443581966402,-24.575757862652225,-23.55706692393433,-21.126187844699025
-31.668956735034985,-28.813577563037953,-26.211899837191062,-24.85795588543618,-22.314969640851327
-31.08707328023402,-27.833570193780197,-25.539682494139203,-24.43595578122285,-21.95299261060845
-29.691423485581073,-26.668709937578704,-25.32916537695506,-23.24931077669362,-19.10926806539221
-30.597951461957265,-28.420642419904954,-25.29022385528547,-22.886889004528165,-19.10926806539221
-36.24151163885347,-33.19314615545012,-29.906110733337588,-28.853879061222223,-24.963950430254467
-36.42224912341175,-35.28743170364701,-33.159170172760156,-30.815668227408324,-27.66063673728137
-35.00744179947901,-31.864954588833964,-29.417493368755025,-28.470749574268154,-25.798118921391673
-32.32615028462892,-30.677637094536944,-29.155665722923533,-27.946618369463156,-25.798118921391673
-33.987631886823806,-32.28971989189312,-31.395647233963118,-30.619502003787055,-29.79837587331774
-33.987631886823806,-31.72321076122863,-30.525499423439722,-28.568515245571128,-26.436051195520783
-30.49559800632926,-29.236047221302755,-28.60583926193773,-28.09392548227004,-26.436051195520783
-32.83485776711998,-30.208641384517414,-28.47047315915383,-27.744292613208945,-25.487512357830774
-34.428433465352335,-31.615059654735425,-29.079424809660765,-27.12262290789193,-25.198028650056358
-30.83164722425754,-27.384020134386127,-25.921146723515168,-24.245780068059435,-21.584106697012388
-27.816841647245784,-26.36684638927408,-24.87093039926816,-24.079716656757782,-21.584106697012388
-28.83542206788564,-26.850737695957136,-23.576791817386095,-20.09358313617258,-17.49218066145933
-23.418321370708227,-20.09358313617258,-18.820989023001403,-17.244642244426313,-15.15757661142059
-20.457791407353838,-18.12519523787919,-16.3665513966573,-14.634802387139638,-12.893497922935584
-23.783179098058092,-21.29109209639192,-19.15431551399509,-16.841886563958234,-13.702278990847757
-31.317278257909237,-27.876975453278003,-23.69340784322665,-22.122698527228085,-19.069964029743282
-31.317278257909237,-29.569825804382507,-28.678429109111402,-27.07702430031809,-24.588692321292623
-30.373505405326668,-28.928726783336987,-28.05885994242316,-27.517268888936094,-26.564767340834624
-32.048436196947534,-30.800418193275938,-29.873247054576158,-27.917998682583118,-26.34236506094231
-34.21981359393474,-32.53088188322947,-31.81284350626767,-30.992663588682923,-29.362041485100452
-34.43128248073923,-32.74153526207001,-31.663144766278048,-30.690786967310913,-28.611789121709297
-33.60248856867586,-29.963639093468913,-26.176063566186233,-23.2946309430732,-19.31260205172001
-28.27552970754523,-25.68090383360651,-24.50370546788377,-22.313446387339887,-19.31260205172001
-28.27552970754523,-24.587449919721095,-20.37514772313031,-16.587614792567802,-14.247420678872
-18.481592950957875,-16.298871541150408,-14.165249329822661,-11.991978250452963,-9.508615690777793
-14.023124972283398,-11.46483061573145,-10.154224415340313,-8.468106075517547,-6.488779263485104
-17.24079663804838,-15.404309966175187,-13.847578956046384,-11.47579943237005,-8.104424062214541
-21.545888968925656,-18.97933415793403,-16.775810788026043,-15.520805203255634,-13.617518754508906
-21.552666108163862,-18.8412709489345,-17.060044367225693,-15.278776884202138,-13.88270878403279
-20.0544107566881,-17.999040235410995,-16.244030210690678,-15.241513393454849,-13.88270878403279
-20.0544107566881,-18.573559068205007,-17.773380185359464,-17.075919825150304,-15.575197847602404
-24.67764960819934,-21.732945942706657,-18.256592582812296,-17.42936944588457,-15.575197847602404
-26.35575421022118,-24.141650808338827,-23.40909036332996,-22.03941903931004,-16.986273495051353
-26.35575421022118,-23.642161471228327,-21.0013883005696,-17.72978569133278,-15.569481733781242
-20.994038693728932,-18.967750228521737,-17.646700078003867,-16.681742685050907,-15.189047973977267
-21.39026805938818,-19.73388789431129,-18.885748642518347,-18.227360525591862,-16.070339334498314
-21.39026805938818,-20.337113448525358,-19.36817747121288,-18.348003614785107,-16.070339334498314
-27.211454342228357,-22.113810440771296,-20.7509690565114,-19.48589882235258,-16.976354639558394
-29.74519714343549,-27.679691582454048,-25.673340656845845,-22.54134018833403,-19.140336255082122
-31.349066585003516,-29.707082604753673,-28.490529869921946,-27.277934910342672,-25.58229890182578
-31.337813670695144,-29.56486946001798,-27.824501349974202,-26.186385165720562,-23.844927165780597
-29.487484996814846,-27.939565051455936,-26.7050794560706,-25.710433286322278,-23.844927165780597
-29.94344034388375,-27.489841215975638,-25.19728536748468,-23.861677244223998,-20.1955869048444
-26.42789930390581,-23.845843285932744,-20.50868499948601,-18.252415626839777,-14.143922942466197
-25.499124058429864,-22.71853886822506,-20.515435881775353,-18.968555911590546,-15.669184365157802
-25.499124058429864,-23.834613995496063,-22.57383603103883,-21.03036130935085,-18.201333175771637
-28.319495505906737,-25.603885114257597,-23.832247942513213,-21.351253341333777,-18.201333175771637
-28.319495505906737,-26.09933854770506,-24.694348538597286,-22.444406947896557,-20.25586979519705
-27.402177968742432,-22.90112858138218,-21.681490575540515,-20.596600931946778,-19.387028196378353
-23.997158490324686,-21.417993673122197,-19.801135329032096,-17.937564223929673,-15.994925735592012
-19.43067208782462,-17.907314878538,-16.95445288054514,-16.161883824048136,-14.015640890720356
-23.9086485523512,-21.382506614180016,-19.87951960428032,-16.912584375230146,-15.443166837587954
-23.9086485523512,-22.051921602427257,-20.964802440285702,-20.06856061679317,-18.053393347155634
-21.18758381207433,-20.02228754216849,-19.037438973448626,-18.109567872650473,-15.599894102802972
-21.534686012219606,-19.75663913794466,-18.454068522395644,-17.428420669734916,-15.599894102802972
-34.583149817025266,-29.463215705739096,-24.52502378102686,-20.16314043818119,-16.341550400360536
-37.14290364642885,-34.677812009332655,-33.16723722925589,-31.14349695916291,-25.268596214015503
-35.47367193171491,-34.24687001436159,-33.174646838477294,-31.715858161356913,-29.44053506624441
-41.55555698896895,-38.01367554552854,-36.69102982093165,-33.73335880018538,-29.44053506624441
-43.02636730540674,-41.38258181475149,-39.519584491564714,-38.10424938058898,-35.964212204327815
-43.77192183154901,-42.027732381048565,-40.38431516531692,-39.57141506477736,-37.207303225979366
-43.846238592499745,-42.91362371858034,-41.91640095418236,-40.52036665712594,-38.228664451553804
-47.208465700279945,-45.30335045039689,-43.8935995143283,-42.36304983825782,-40.20195695498288
-47.208465700279945,-44.82686577655496,-42.85323767252997,-41.70348691041884,-38.112195239841036
-43.04320899955035,-41.96781788291581,-40.78469087835976,-39.634413075912065,-38.112195239841036
-40.66289267930361,-38.93262167989359,-37.18563611279886,-35.533504324095965,-33.35840238308228
-38.90559042808044,-36.06381840792761,-34.84486705206834,-30.954721276836892,-28.077750719264674
-34.65281236877549,-32.68479206881399,-31.367188474529136,-30.170960314115177,-28.077750719264674
-41.52122633054415,-36.91905854887962,-34.45542509174126,-32.60443567846351,-30.790811519336575
-44.52410504611614,-42.941837908276156,-41.44640947013726,-37.369097857125624,-34.43572732157696
-44.76788826258246,-42.583409434142936,-40.29956145823625,-35.29536878885923,-32.02599623907678
-38.84347292563142,-35.09804846713216,-33.96276368503743,-32.54633168116964,-31.19585906320183
-36.944934131939135,-33.59802359195091,-30.824822712153562,-28.433425951045734,-24.72437030309928
-31.54652627403939,-28.121772871122218,-24.983340276542886,-22.68241627827847,-20.4232220936094
-25.57050926147004,-23.04028791093036,-22.317211401166137,-21.69947795109544,-19.21220679497962
-24.41070533589137,-21.468112527210398,-18.063516198517732,-13.747073357311566,-8.068180690849212
-16.115034885723787,-12.674177164114393,-8.813891635722435,-3.32735195632554,-1.4231668445839916
-6.9512353024122655,-4.049506389371936,-2.682258293269479,1.009582852260173,3.228547892993814
-6.840856391411583,-3.2173940933579694,1.358380573016912,2.303646875287379,4.2266481616363745
-11.39537244730262,-9.116384423604078,-6.988498534149573,-4.048015637930182,3.2849029264372605
-11.39537244730262,-10.0710019625532,-7.958882813554295,-6.28881305858458,-4.1875561734561675
-7.164723896281088,-5.6488298754319946,-3.546594986793954,-2.2058097023666496,-0.33804006824560684
-5.72353436161949,-3.9098522819273995,-3.0552867103933763,-2.041377123688937,-0.33804006824560684
-15.643006509586193,-12.511355441945167,-8.177481827405318,-4.6671115595683705,-1.6803884613917068
-30.08904868572362,-23.709011133212705,-20.38643717087191,-13.145956224546113,-9.761359972462293
-34.96206941611724,-32.21362337964378,-30.31068252851886,-25.724909225621733,-20.861276337510176
-37.147397803228735,-33.59700334431005,-32.46420525534746,-30.409976302832078,-28.311983703835935
-38.23634933765753,-36.75080321901797,-35.50469256214117,-33.46379848100771,-30.41175184003716
-38.23634933765753,-36.96545995647442,-36.07341731928818,-34.8561492535364,-33.17804528991636
-42.18311142534796,-39.89830324026185,-37.67477299651485,-34.85498652325618,-33.17804528991636
-44.57502829980884,-42.19411752162922,-41.48197587481216,-40.28230202358335,-37.845339710342415
-50.09953055912805,-47.52744858265818,-44.32213400281621,-42.20045066333823,-38.9761549853862
-53.765853520032664,-50.350039434887016,-48.681665557689016,-47.17537243323152,-44.43512739370154
-53.765853520032664,-51.30766849724098,-50.22408750118996,-49.46664188623905,-47.804159237012655
-53.35775100109326,-50.669909630080156,-49.70598013606964,-48.85469116714085,-45.47253457926787
-58.76791210517878,-55.73217391499273,-54.51469351750387,-49.3329480363803,-45.47253457926787
-62.160672061654104,-59.46409029610933,-58.36362801816999,-55.70974416898008,-53.38008922118358
-62.160672061654104,-59.1284986663036,-56.426301452675006,-54.87959106645165,-53.09766747712078
-58.4996823216597,-56.475994576696564,-55.59877098472482,-54.7934413475295,-53.09766747712078
-58.77543322021973,-57.5701477965262,-56.866490081399675,-56.137723145098825,-54.62429193481347
-59.161688926815756,-57.827347738789406,-57.01504474306132,-55.58655282744673,-52.41810720657257
-59.418753964811714,-57.84747043072111,-56.511645063628876,-53.98257144455087,-52.41810720657257
-59.63709694801492,-57.6429860307949,-54.96673050604868,-53.202263923415885,-51.86320471829332
-58.22470634008674,-54.729712077264935,-53.977080578547486,-53.10905027340988,-51.86320471829332
-57.38355875701138,-55.24416187544081,-53.90171605026599,-53.16544947549134,-50.36583915251644
-56.25393059982892,-53.04133050505235,-49.75976325952743,-48.738014011617075,-46.57442121864348
-50.093503147871616,-48.33615369263664,-45.02332097632135,-42.430813703930156,-40.1373835883922
-52.90601903005502,-49.73200877761591,-46.11971258861181,-43.288314502925346,-40.1373835883922
-53.76276359977808,-51.12785859658068,-50.32184775230756,-48.9206585229064,-46.82344026445825
-53.76276359977808,-49.15583452682566,-46.91072199063737,-43.66988042136468,-39.59664314302017
-48.511040567591145,-46.714539720210716,-45.66491633758302,-43.24809054632,-39.59664314302017
-48.511040567591145,-46.71439111221926,-45.55566083658274,-43.20682422864357,-41.541873074935985
-46.203281120228084,-42.90739341153238,-41.013780559733746,-35.97601854076745,-30.49071347620306
-40.22970149259503,-35.07425290113877,-31.00570246926234,-28.526767572953883,-20.994562083479508
-31.704117212823352,-29.11677334222143,-24.4388934733298,-22.921233229774245,-20.994562083479508
-26.56909067673938,-23.854793124477677,-22.836614723771223,-22.051953430925717,-20.610287863312784
-27.135695812198538,-24.129971239443847,-22.462807339812628,-21.661241504039484,-19.26308100285433
-25.392778364815562,-22.293253730764686,-20.563858075586406,-19.42629272260514,-18.095425473587856
-25.32094438603528,-23.96854180338435,-20.864696838790355,-20.21069065488364,-18.41652299500206
-25.32094438603528,-24.51023122444001,-23.91397034383398,-22.74784290846194,-20.504454224215497
-30.562338407085225,-28.570655790492417,-25.449320253904347,-24.53369956420548,-22.212687082405548
-30.562338407085225,-29.31264541445354,-28.315282552026318,-27.336708752831996,-24.321047889022317
-30.25888247977546,-28.530462902019995,-27.59572266012054,-26.57894285223185,-23.13501304973761
-29.725696150717823,-27.30597045502899,-25.732592220809636,-24.569556159918292,-22.04854970036057
-29.725696150717823,-25.503019462933594,-20.000613703958713,-16.887411403738483,-14.56583870889858
-19.497256491559803,-18.087777479570132,-17.07174182682356,-16.01328306603933,-14.56583870889858
-19.042872516174842,-17.25422662490224,-12.871730716308628,-9.77956871026532,-4.64915343884699
-13.055725856017071,-9.443937805167213,-6.628233167559983,-4.8425398003615285,-3.3412310251158646
-7.643736522728963,-5.084302534325592,-4.179419417700589,-2.4919302546323294,-1.118162338889571
-5.862818506308153,-4.410617832704475,-1.8621871651831037,0.7555482647221332,3.6776765713706308
-0.6059907842616614,1.522990369667848,3.5387572104518172,5.256602991893652,7.1171498288345285
-2.799377745110644,1.3692240449749438,4.172061020390013,5.457001170212049,7.348097036177302
-4.013087132416922,-2.271570940196634,-0.2158465747659748,1.426862121849382,3.4630713900735257
-4.013087132416922,-2.5680881264500104,-1.4286579000602517,0.40520878407063,2.458994660545793
-2.4446892977994477,-0.683733868860005,0.5942430918782866,2.0328547083487702,3.6747360814086667
-0.9424014344823126,0.8386096118381046,2.18081112247642,3.0005529587043815,4.868715638679517
-0.5013608365237885,1.644181708030814,3.6892381337958673,4.586693253781297,7.252573542193861
0.033737815434594864,3.662971024777874,4.374315736501435,5.167842652073712,7.252573542193861
0.4633893510323981,1.8530572967926553,3.9888764571142774,4.784766044715025,5.773884873893461
-4.869967019482813,-0.7840191264050353,0.6499045413200009,1.889040288214009,4.833299639685045
-6.4545753639212755,-4.283275397840831,-2.9817780711835993,-1.1573978550028596,1.036216598941089
-6.4545753639212755,-4.408007664355478,-3.4445168471773098,-2.796109564075577,-0.6196746886745932
-5.498165598388998,-4.279918884050072,-3.417144841016724,-1.6162371718166197,-0.038632714994957906
-7.485429447426904,-4.262044393753088,-2.526464150811065,-0.9341447970631997,0.8562312598052726
-7.485429447426904,-5.941177482769027,-4.983928574689799,-3.8790999827447004,0.07075467624235343
-6.5729021370479765,-5.1821921885752324,-4.376701070440696,-3.1119912508297487,-1.2177411832428797
-9.170938551911568,-5.285936518129799,-3.980313761249251,-2.8360515230088024,-1.2177411832428797
-9.748205001143493,-8.1947583164374,-5.236941875390064,-3.3450359008798873,-1.7882916125639385
-16.742590643659977,-11.407409390671168,-7.883004628205306,-3.770575324973368,-1.7882916125639385
-16.742590643659977,-14.341407198097349,-11.690664599006919,-9.903485250869519,-6.54602247646135
-13.558102254699667,-10.859287875290924,-8.777332149879214,-7.516761659941433,-5.591177023768731
-12.1029790713234,-10.109183187184623,-8.044106861897717,-6.8049445007322,-4.367641318774915
-9.980550489820814,-7.851971839799928,-6.803263563680376,-5.569424563243796,-3.444823373746406
-8.242582964821127,-4.995008858848097,-2.349618664226602,1.5987686938806556,4.154361007312106
-1.7269224997603458,1.8893320991170228,4.083508352786075,6.666621701770756,8.826108027148075
-1.285328905249433,1.6448706486911906,3.2408596335140185,5.888727661291391,8.826108027148075
-5.95278417806616,-4.314011382992302,-1.9449843173316488,0.5865088192645793,3.1056502023002577
-11.344171799754086,-5.870369824181157,-4.064174389071199,-1.867141788919406,0.5397014707140266
-12.282367657986127,-10.298154171263647,-7.529806077883756,-5.238799650581128,0.41708921658058973
-12.282367657986127,-7.507263458471363,-2.807035229812863,0.7047987694353693,7.1922786974739
-4.112501523439364,1.2530933487040294,8.16608707774128,12.107352713324207,17.542905596857292
8.690134647789419,11.182722914770437,12.830395079129953,14.231373557850539,17.542905596857292
3.6534302303985298,4.704154048071203,9.05795704170877,12.099277005514365,14.376242511612878
3.55594344246551,4.6439171282811875,7.271416856810458,10.612657417103394,12.64200664994737
6.930275028206825,11.512558114423527,12.960729712111018,14.88613793345423,17.41393470543454
6.504073959389539,9.352167098206387,12.513194510161426,14.601797262624023,17.41393470543454
6.504073959389539,11.21465584868443,15.120675842353634,16.978492472221678,18.773545884422507
8.501765947574924,10.155836258044207,12.33148409858466,16.471986706606117,17.752737426609492
4.441841931172954,6.327405666558,8.828989657338589,10.289747792246004,12.246202869698342
0.8043672170231069,2.9802449082999027,4.81049973639534,6.710330817279131,9.263566418516373
0.8043672170231069,2.5966067198932983,3.878962161551003,7.242381094988968,9.569696091964587
6.5981326768561654,7.667449429867154,8.763268745342849,9.639371928756574,10.774452066038753
6.608525659453506,8.827256527710823,10.056790936933767,13.897604814265655,15.537891661855646
9.818004388879475,14.12130278342153,16.235834249370548,20.194963354644326,23.429420885069106
14.697304178503627,17.638904502365406,19.292976881940994,21.031741308276764,23.429420885069106
10.591278998462007,12.304857165322549,14.53909401271583,17.39294257375323,19.853258741755578
10.591278998462007,11.996062817867676,13.817634970149289,18.2822931567457,20.553865227526416
13.571778535438604,17.89734873467335,18.72925411200415,19.600458415707323,21.291375002027273
14.435684953438802,17.234597437457417,18.019968891178337,19.118000965611564,20.522364839711106
16.3904652500229,19.241004985615092,23.404297928331538,26.3621100230706,28.409913991558977
24.172796466335683,25.65872815052552,26.553419618967133,27.34990778788136,28.409913991558977
22.364530407043063,24.585341620750363,26.157172778138772,27.2336221601709,29.893787187888655
22.197027872806874,25.473466505681266,26.479315220064837,27.621692771487055,29.893787187888655
22.197027872806874,27.121454311367543,29.681928604708354,32.615758503158794,34.56750181936325
29.199467030304305,31.513763729425108,32.34190919613208,33.596962881320486,35.329049995048045
29.199467030304305,33.108083088638125,35.90590517920795,38.844783906015074,44.193419561583546
35.71403222909819,39.292965323297906,45.52319067362484,48.67895809737345,50.33100909328235
44.785807232452235,47.894490056804855,49.03477912337864,50.18451537967585,52.334294434994796
40.55363009427993,44.14553157930816,45.9375427769723,48.19193363575243,52.18127785508612
40.55363009427993,43.89869812189665,45.198187565796914,46.528024726192704,48.09503223043958
42.74599666106536,44.55939777875256,45.37398705698732,46.36225098964149,48.09503223043958
42.74599666106536,44.15196577907493,45.157628756060305,46.231954096592965,48.66065129557769
40.68099957322017,45.30510063701602,46.42860969205634,47.09122182793786,48.66065129557769
39.12620938202231,41.53367863971803,43.172774013942444,46.1456314899832,48.57999551540062
38.47485202478665,40.2383602540655,41.44523978807241,42.79327801239261,45.237147299447386
38.47485202478665,40.95880867862515,42.82477416934052,44.1807411808392,46.51931899435728
40.074292578535164,42.8665435311735,44.089324471595276,45.00571891479996,51.17035541892432
42.06035190283317,44.92778995060172,51.62148190003843,52.819467022603256,54.4815547307143
44.286688607015314,46.016006999535676,49.234179618574245,52.570489899675785,54.4815547307143
35.18882286103921,40.79709302071334,43.72369278918197,45.31303443208698,48.966847318678525
28.6380667391087,31.406959954379417,34.947787014555765,39.551698637870665,42.889665458274784
16.357666143551203,23.467788862498637,27.632363289103804,30.28785797036089,34.94259739448421
11.898181176958643,13.52060293366388,16.953038532594732,22.476567976668726,27.0624390226305
11.898181176958643,14.714887299297384,18.53902535356999,21.37533189844689,24.494770903758084
18.572132527726684,22.064577479638587,24.82290139256672,27.74773196701986,30.34146528797929
22.977821297773332,25.91222687298984,27.721960083956734,28.692213652430816,30.34146528797929
17.7425174709011,22.002331451766842,23.58893857785285,26.15861700149719,28.709698155719963
16.283935105699886,18.108787931282645,19.644104139309572,21.65338767870322,23.11620330320242
17.33792040318433,19.04677886258337,20.009718960427286,21.306287785035046,22.482600818441995
18.155453711568807,20.383068151406036,22.069268625259465,23.30957358513371,25.128669295808574
21.31932038658754,23.38921529001822,25.128669295808574,27.276403437820267,28.773276802776337
23.810660653711203,25.098615839392995,26.216548793420763,27.340860632390726,28.924936645056725
23.32147792192077,26.035230632962886,27.928794929015705,30.01438745866907,31.909583880178246
26.927825250958332,28.474785171387175,29.45261177723381,30.210978859435883,31.909583880178246
25.44626394994652,27.09113631294939,28.40119931540727,29.169091424027073,30.8708342653263
22.318394487055844,24.505145195724054,26.365104369927927,27.119429372690895,29.5101149935431
22.158175783817992,23.87301968978237,24.771529727595592,26.422124449750775,28.39630893345146
20.751884762955026,22.59454050232919,23.34421217082849,24.366009755009355,25.457001368200544
20.751884762955026,24.334639473104197,25.163683105423875,26.823283645372054,30.965743381281506
24.890072923271898,27.017129071380822,30.143851526217308,31.254677678061245,33.71773164726382
29.340113614544173,31.122846731255464,32.78413523160027,35.02973578941649,37.84057262889645
27.63491593381719,30.006731012050686,30.94087550196226,32.777094661635346,37.1922951035696
26.10745978017407,28.829844104109416,30.279976106022463,32.166707414301925,34.41946977849121
23.099316285522256,24.842578670889864,26.531582257200178,29.43893715032018,33.03246816844491
20.304606355587616,23.317374782070658,24.486166592188223,27.235807344004797,30.28137235920873
22.59722849743443,26.76384501871263,27.43075549242944,28.589497405036788,30.79909587700269
23.819067493109213,26.751567733164435,27.792558991359293,29.61027261061834,31.33749514341474
26.976579128289103,29.43879716647839,29.950595808782538,31.077378301370313,33.11081604831551
27.320507996542055,29.307462056635572,30.430332408274296,31.318856700344295,33.2075835354406
28.19655018703507,30.567059706631298,31.862074516789093,32.97054439595732,35.085693642670215
29.99015317166034,33.08816567173166,34.73867755712347,38.27398085419743,40.61381571926895
33.13690666266883,34.81787297222033,36.54348699423056,38.60974034061333,40.61381571926895
33.948448928272015,35.24255716517291,36.305272025399276,37.45195383330308,39.216836100411996
35.33197521271702,36.54036402215763,37.20539157438234,38.144037365672716,41.721123182035406
35.22817211713863,37.369239442208176,42.1441266663882,46.562324099616575,48.694728098466754
44.261321588762534,46.516111365888555,47.32887726594077,48.06974945569389,49.72505891199313
45.83358894198184,47.90125618796138,49.164470687944785,50.80808601284041,52.798863723232735
46.03471965211367,48.37832851155639,50.250586390692845,51.12495760760033,52.798863723232735
46.03471965211367,48.09401389177098,49.37811247848529,50.20249034762112,52.37500619743361
47.152072748333,49.49517447488139,52.57039099945479,54.707584728441674,58.02231060846442
53.28391304188849,55.363453110181325,57.50727696594968,59.17542994525134,62.08821253629451
55.347567283961325,57.023052429795285,58.358625805428,59.83565681462761,62.08821253629451
50.418824321613606,53.236062960720886,55.488790996057176,56.91125977477283,58.60658214194796
48.48075442308595,50.2146232156051,51.33702200721794,53.1971782447464,55.07176119610249
43.655455589094196,45.49463494962488,48.74987288507472,49.849502641897686,51.897638807749274
38.725615519682435,42.81253248050916,44.84062832533925,46.89032295004161,49.11452501320405
35.54669098503629,37.68827082035521,39.501790079581,42.589537378607716,45.45250979686963
32.806897082428044,36.69951313140909,37.674386898910036,38.41017440586568,39.90188517866012
32.806897082428044,36.08742416573102,37.34298002425757,38.0911690046411,40.56678025632459
34.38817311617161,36.34817081646402,38.09106454312632,39.43825234511888,41.195178293209096
31.64257396790402,34.51031206664146,35.36739179494349,37.56742067480342,41.058645979235486
30.600132841620184,32.25033962714354,33.970244875966955,34.932931567849764,35.984135264304946
26.81329133580203,30.600132841620184,32.193208957811876,33.971735832006246,35.783689894035355
25.375714539207745,27.625900263466864,29.22612894280709,30.612323259289653,34.086210673016
25.375714539207745,27.796412561876984,29.187658819314763,31.820914747381607,36.45058440133278
28.23353552773406,31.67453320164012,35.45416284043678,36.747314148177,38.850047690744454
35.283169246038256,36.88669873835125,39.60080298409418,40.93287617710743,42.9077975364013
35.68321564824761,38.255458814237734,39.96327281041226,40.75170604670003,41.84674106562336
34.217532614023064,36.52783078924459,38.229034663693525,39.184863099242634,41.692213514590165
34.217532614023064,37.316142620009416,39.89430480875889,41.381029241083624,43.09362052959922
37.58063558262637,39.33954421204194,40.321865327083174,41.67735666238447,43.09362052959922
36.77363662266537,39.36145432280597,40.68586412729282,41.463245383989154,42.976411407489294
36.32651026810239,38.86246275930812,39.88008829089493,40.921289806971636,42.63591514404559
36.32651026810239,39.78895672889533,43.06208755443462,45.61552909696118,49.010899012945785
37.1586464224612,39.73413876240044,43.04741694551181,45.61552909696118,49.010899012945785
33.246718278418356,36.17824846721558,37.25807958851228,39.260966353983974,40.70718772229286
33.246718278418356,36.339116986606655,37.52660439330808,39.668909780486,41.855970683075185
31.109664650441378,34.55803394160839,37.103623689394524,39.76114515498476,41.855970683075185
31.109664650441378,34.93868845722122,38.023020313515715,39.777149651512055,42.37850256029879
38.72806826911458,39.789818778212755,40.65425818786723,41.560335496957535,46.64242228099107
38.63984048956007,40.935324333122686,43.535461969727905,46.009697764053854,49.51188908569978
40.564271876627735,43.8345287169257,46.50539768377698,49.242915817590855,51.34290008476885
44.78997214278161,46.6771540150942,48.62323298904285,51.02728790905286,53.408390721382005
46.72672430786817,51.08822125535136,54.46951909484255,58.239148498147955,59.852522209738815
54.320176702266075,57.22710152361568,58.82602391930995,60.39397033838059,62.178700086731695
54.615013550166175,56.668987068896655,59.47140919098134,60.48681017262178,62.106391870974676
55.013759166935856,56.67630949818739,59.084258755939814,60.34779634822368,62.634260491352826
54.15082455913254,55.971957777432074,58.003418583983695,60.71705859909146,62.634260491352826
50.23089470961776,53.381961513685,54.78453558959022,55.99965201150667,58.159126307887476
48.52958759561078,50.31540912812243,51.17840126500646,52.26644724163598,54.80695196505923
48.52958759561078,50.72792716080911,52.67657883730371,55.19107220524573,59.1093989428007
53.727819305366616,55.80435746236731,59.09688294548751,62.24649667095983,64.6330595238662
55.62048031381405,58.19830897178178,60.25840937266378,62.15589161321568,64.6330595238662
53.39232861114068,55.48229362148911,56.7176098704643,59.5092711313515,61.255027070630895
52.4675383938492,54.512141064614575,55.879404245529976,57.49846941427148,60.89756894342764
52.4675383938492,54.78040243176258,56.29664425258853,57.18267293314049,58.96277842445823
54.82189243637143,56.599708635611464,57.046606254325624,57.53643531637456,58.872943817131656
52.97419871787118,55.06232812224841,55.94172756396068,57.25923450270776,58.983668921747146
52.56243501129046,54.614512255150814,55.89415470149778,57.197750825557776,59.807052503494425
55.48149449577467,57.43994315741109,58.72021216920265,60.320716942027126,62.38600849095535
55.7579995617903,58.20174189012641,59.41047219605416,60.73104852484916,62.38600849095535
50.270524407572644,53.83662320170328,57.537427741495364,59.59214954783868,61.90543470825097
45.87326589673167,48.16933492492519,50.963744223431746,53.686998681993465,58.14614356296249
45.87326589673167,46.8769299208041,48.811896335468134,50.81636511297803,52.295039280943335
47.20646270660533,49.970056691152166,52.183301492864445,55.596484814867566,59.30676304733667
50.86774245536886,54.48827044469556,55.92083523656505,57.97147402393786,60.93854015094065
43.752070641625174,47.78649420049122,50.61011613791994,54.365393395612415,59.505256949917815
41.061281961041374,43.51326018323675,44.40956643040146,46.43473931831046,49.33505829671481
40.364028042497374,42.8056126299262,43.85587440725521,45.334297911890644,47.78096308596029
42.36640822493104,43.71132446643074,45.023769985546224,46.00840742214178,47.78096308596029
42.275677479177176,45.39606067280232,46.9314020950517,48.550128918204834,50.136247458801215
46.856233737930275,48.867142525227294,50.20549835571626,52.402046514613794,55.021016442849266
49.450490991101205,51.6908892132225,52.58454845311217,53.814929029518375,55.021016442849266
50.84377100722229,52.063688749422205,53.57355320064389,54.91225613194905,56.684373472377324
51.58924594036878,54.31503588743142,55.107447072095255,55.67564692932301,56.89034071423559
54.561293715977975,55.708702015890054,57.48452918682715,59.076835948897525,60.94607960414672
54.46156233472943,56.03445058073557,56.94598937827935,57.94051467549293,59.85211821990207
54.46156233472943,56.29445680133237,57.043024296951984,58.493596410861706,60.938025637543475
44.80516306429485,49.405303021392754,54.736938529243375,57.03816466942387,60.416470864261484
43.6746193857741,46.543275880641914,47.50215251790502,48.86890130042348,55.00747225902985
44.064461117799766,46.117664111520476,47.55425341273736,49.045448234867266,52.60067304765366
44.064461117799766,48.04714962707811,52.99717406206972,56.76624846268184,60.220848634985934
47.8059602271627,51.470170683637576,54.78466792691749,57.55981287191791,60.220848634985934
37.239134631844884,39.61151103370295,47.279652103452186,50.340606891461356,54.4868828526149
32.98896581139863,34.67684668455436,36.63541797433258,38.70559530088918,46.20070945753893
24.755538249374947,27.697606155680486,33.407580679207435,34.37679011952733,36.08463687646472
24.755538249374947,26.594959146849753,27.93651291176403,29.978680896371927,34.60898732781081
25.14286044266525,26.872940756908424,27.991304146579665,29.272164064286414,31.842401127588076
25.34060723302614,26.290230944992125,27.449157207629185,29.97634770578273,31.842401127588076
23.551319296253574,25.15670880140926,25.994930418462275,26.914396852637616,31.75685447214178
23.551319296253574,24.860793562182657,25.97132983353764,26.935960079894286,29.14479365863071
20.721949586205515,23.38765138809825,25.079800267024257,26.855210961399756,29.14479365863071
8.555173839355628,15.352846198424158,20.239628958699928,24.39400731171965,27.16619918470235
5.350890909742109,6.836430657764567,9.308432984628276,14.161143275544472,18.4081725381501
5.350890909742109,7.030300466700833,10.300361167913348,13.698895275695046,15.877378241256634
11.28739220912902,13.807217279545156,14.877034833236957,15.765905021427336,17.26909690166913
9.504708478856523,10.814623362151409,12.853443100154603,14.462006177706197,17.26909690166913
7.960935879344211,10.028147624594649,11.20330772000505,13.631738064061542,14.680497605797479
5.740619379414971,7.79257275314845,9.003657015032742,11.300963126344335,14.99655213644899
5.740619379414971,7.15561177746668,10.146411796012774,11.960920891185271,13.927430503468674
10.244577896709558,11.951957628673142,12.69678345757367,13.982938216121012,16.13793307596905
6.888469756450791,9.18785777753905,11.139484494770674,13.19117322726895,16.13793307596905
2.3184226801593546,4.70563677579228,6.445124318782435,9.9296207498085,12.394781814667107
2.3184226801593546,4.14892485274557,5.128826747064043,5.825268510454362,8.801920316445837
3.5236050973744724,4.737276521460558,5.24281236849646,6.120207582525475,9.747892452805196
3.8163000534968203,5.805670000492174,7.1219354296908435,8.453182161923674,9.747892452805196
0.5651101202117925,2.6632051662187095,5.5751185938728876,8.098853434520162,9.669917931036853
-0.8254153389527172,0.6602987682423482,1.3734125676443187,2.370591949196724,3.5223765853901625
-4.856183950321628,-3.454264640123367,-0.2284994531122797,0.8471750989411087,2.8652931148016165
-6.620045999070033,-5.615847591552618,-4.220071851059988,-3.539496558939395,-1.5142736811233468
-7.025624841296753,-5.77510199305846,-5.128376670994145,-4.042959980346983,-1.6943509366382778
-7.025624841296753,-5.3522345229284225,-1.4781696106916138,1.0978684827275893,3.8588727187797858
-0.5610852727055406,2.0156427174608007,5.437996631574459,8.47285800199776,12.417852550956571
6.544353978588909,9.272316932148412,11.682323716246565,16.90600010145789,19.203285973388187
12.253911641965077,16.668688988347416,17.661401103385295,18.348848253725045,19.203285973388187
12.4712940817408,14.333807296923267,15.832609801920189,17.29420060434262,18.56979614619994
12.448019299221045,15.099334077473486,15.939059694460473,16.825804621499145,18.640969370446836
13.913377713288222,15.646178234483502,16.567956263051787,17.473972874083636,19.260939256838636
9.70290942186865,12.989572906070379,14.6560508400347,16.116235114814824,17.42311252589846
9.70290942186865,12.832817512939206,14.032557107298402,15.414959513057498,17.496308244020824
10.31096247968213,12.277849896644685,14.778372041820088,15.790926921899855,17.496308244020824
10.31096247968213,11.729917286907089,13.063163511167417,14.401643089676758,15.784153874256111
7.130657165765866,9.211223162512638,10.68442625055518,12.809410146861303,15.36874345189416
4.7815640516290285,6.257920999970045,8.475450773081567,9.706334712389292,12.180298553067583
1.029485901838735,4.700027009911693,5.6964642734807125,6.243389837203761,8.76655955012635
-2.0683943510469978,-0.39767690459183136,1.8946434164271693,4.651086618922922,7.14437042934191
-4.182997412802269,-1.7171900710989014,-0.6782485133454508,1.3661936818568994,3.91747209755973
-4.851722731235306,-3.5266980943032396,-1.516277293834848,-0.6073792550869648,1.7094437146614132
-6.450338094001033,-3.7923085447451252,-2.2427305995269853,-0.7695526569183535,1.7094437146614132
-6.450338094001033,-3.7260664352425064,-2.6274403656058145,-1.8449095244103204,0.4062579860055544
-5.632088881498575,-3.921008394481227,-3.3692141779082663,-2.7204341865496664,-0.7250389480539758
-8.630663200396283,-5.72926785274804,-4.500161149819849,-3.655621416711232,-0.9657544991228901
-7.556012244067107,-4.934082963889303,-3.071578997748266,-1.6441131626400547,0.8188629365248925
-12.301607623627454,-8.851455101320692,-5.149408475511369,-1.8017147499531498,0.8188629365248925
-12.301607623627454,-9.774553056174987,-7.376475513830841,-5.289962054573978,0.3390678485178722
-7.806310214705763,-4.349007801612201,-1.1720696411843288,0.43283228317967715,2.2626763607967897
-3.976199427066589,-2.6828092420704808,-1.9194303085059385,0.4871740434919323,2.2626763607967897
-5.414196461407442,-3.7235363789873404,-2.8353155823858947,-2.0846286136839787,-0.5207927378455368
-5.414196461407442,-3.1686502196754094,-1.8529120455452726,-0.10735770949437695,2.530062979593573
-2.2455416227273943,-0.08202369720219815,1.2473460358350816,2.1423636779546946,3.503018159554387
-3.556008327165485,-0.9718389736159965,1.076105363334241,2.4308685324423243,3.277753385781648
-5.091548731081792,-3.07495269024123,-2.228579574604083,-1.1888026032379606,3.407691390226233
-5.189948086821601,-3.7179862348809314,-2.9187959631735216,0.0018382375631937897,2.1111605995118525
-3.9856619583222495,-0.017098651516915697,1.0836548365836705,2.336391290324008,5.658207547181262
-0.5531719885508264,2.1178716776304154,3.7509408089812206,5.545159909318147,8.647786971796513
-9.9021571069602,-4.216983746564926,-1.6723856194730262,3.3843124651060714,6.1273352833153165
-13.542216568842694,-10.649884695280521,-7.5160526543922,-4.254727101511258,-2.204437907844709
-15.695118574372247,-12.923901735852775,-11.534554615923629,-9.833358703489921,-7.5430056428311785
-16.006413583903633,-14.986333194526502,-13.408737847389713,-12.256086704193828,-8.283212476441706
-17.13426352629914,-15.287677829325714,-14.54201257408102,-13.158377559692077,-11.631714978202389
-17.13426352629914,-15.097176812385898,-14.05897007193235,-13.123111462656237,-11.936897077770876
-22.13527289958279,-19.35250614401652,-16.924041920367138,-14.650274144834595,-12.590252888684248
-26.696035380956495,-25.14975303634803,-20.9330187250944,-19.379344961779452,-17.473544232384306
-26.696035380956495,-25.27737565363408,-23.39611069113817,-21.03023655502499,-18.24098027602475
-24.08322297005684,-21.30224264842072,-19.575828324006856,-18.22490320197479,-15.14333258800451
-20.819627319479896,-19.024686619222745,-18.10649754267187,-16.98351531328387,-14.153638780640723
-22.507847260986942,-18.984941802845633,-17.732889044336435,-16.755085606981766,-14.605946300527913
-17.89331066127298,-16.569131422429763,-14.865628524937287,-13.797815868816276,-12.102479382879944
-21.3538639287,-18.43729867447309,-16.0507638235999,-13.878264309292831,-12.102479382879944
-22.9907119165103,-20.80794466675782,-20.010308061907878,-18.481347367597422,-16.068474254554296
-24.49135099796684,-21.89559284296901,-20.902298036849803,-20.057126559825818,-18.431090530314027
-34.86870546239785,-31.528127047368454,-26.533998026608295,-23.15290308529505,-18.87494468297461
-38.52801871525389,-34.70562492506387,-33.14181428771164,-31.516093654348367,-26.223461515888665
-38.91432831401523,-37.72189905760507,-36.10272356133844,-34.40825874763458,-31.925002110733555
-38.88283055797146,-36.79558997514883,-35.95303819774633,-35.0210708437512,-33.470310191523495
-37.69469103620801,-35.51269278220243,-32.01054276424075,-29.450195378820695,-24.474727674768143
-31.908008064152614,-27.130186789805013,-24.092434585737262,-22.387460032379252,-18.524317261646257
-24.147643809046983,-22.491312030805922,-21.52625406760211,-20.26915519479624,-17.952117078618734
-24.147643809046983,-22.92374708262127,-21.63828320470622,-20.48623044581562,-17.952117078618734
-24.798054348915734,-22.84396640205192,-21.670077254964077,-20.008492251108848,-18.181416274528065
-25.88199881804388,-24.1570869662268,-23.29296560765611,-20.16540789763131,-18.181416274528065
-26.308456651372584,-24.459267622022605,-23.661574365714987,-22.850504608755777,-20.178357029414318
-25.080712429643764,-22.299790322315904,-20.98316635153462,-19.276639363276605,-16.182307228663607
-22.993847699410033,-21.600332762660912,-20.752389743125793,-19.093643671736782,-16.182307228663607
-22.993847699410033,-21.466135477627716,-20.183544259722748,-19.00273085494235,-17.7562124827191
-26.285436738538287,-24.040473389416224,-22.779763126245143,-19.802117422785223,-17.98621207545532
-30.620836439397973,-27.65542475033479,-25.214007354559246,-24.145797530837093,-22.470109042123827
-30.620836439397973,-27.995213095823672,-27.082858277915452,-25.623023436783743,-24.15925262067693
-28.769444026372767,-26.913767718397715,-25.590622796471283,-24.848327309774284,-23.092103586712522
-31.761488146673546,-29.3608271861783,-28.07375454402073,-25.385056462787773,-23.092103586712522
-32.9816463561287,-31.240448438478595,-30.606941180384503,-29.60780197891154,-28.038175227150603
-32.9816463561287,-31.190272852753218,-28.87691383368508,-27.21088916055718,-24.261128543653808
-35.38070778574683,-33.84511544317753,-32.13553184011024,-29.482095903183684,-26.678006246358052
-35.38070778574683,-32.8060697360234,-29.34271783136456,-26.262064176888273,-23.740152950872563
-34.694312117011386,-32.23065156321516,-28.22307915915747,-25.112807616546597,-23.596524411102095
-34.694312117011386,-32.37392163687434,-29.506863208112105,-27.867635383108272,-24.3171065941525
-31.394473778323164,-29.544512163157204,-28.533177192417757,-27.44460854677428,-24.3171065941525
-31.394473778323164,-29.502143150267628,-28.71421358125349,-27.8138782395225,-25.82010788661998
-32.21123876179975,-30.13095860736653,-28.816069211139215,-27.60076649715783,-25.440616311407155
-32.21123876179975,-29.790712006347903,-26.00473992354263,-24.443193597521034,-22.733067943958225
-28.022246002426172,-24.029284132558914,-23.29100471066335,-20.239528153616092,-17.060670281975163
-21.44328650740435,-19.49105719175529,-17.635364438034784,-16.091379653889724,-14.413483054750449
-18.698581565985567,-16.668068472294692,-13.200300405628647,-10.232381941221755,-7.089442780806678
-18.578126550144272,-15.96594614152459,-11.78451974481828,-10.106122981074154,-7.089442780806678
-18.578126550144272,-15.913995946882977,-11.976089724836429,-7.3615515497138855,-3.858809856628704
-11.976089724836429,-6.86637199851627,-3.552735167445575,-0.04332948948634385,3.6891725389526933
-1.3453534880685023,0.3075421164997538,2.7364379033225568,3.6867736203876165,5.978058245526749
-0.16622550732578012,2.366842210341397,3.1899267078727034,4.120301605273796,5.978058245526749
-0.7671658607175114,1.0114698086498735,2.0523148704934373,3.2215156201335216,4.656691933784539
-2.5367955865104874,-1.5072579959811998,0.48431704749483195,2.047393735530047,4.413970046396841
-2.4762211706396156,-1.5398569145223284,0.032887392177653796,1.343564658507495,3.3370199153074322
-4.055655668817526,-2.1054932496447276,-0.6798989152939244,1.1157712352424691,3.3370199153074322
-4.055655668817526,-2.19694713142911,-0.9267923014616775,0.7375916002317975,3.0819548679037503
-2.5836078038815264,1.0519673995702086,2.365182551447754,4.978186317321505,7.379162776556905
1.0360589359161467,5.078144886417409,7.730124138606778,12.333968800389167,15.049763537164443
9.457862456563838,12.44486718858668,13.670110415187224,14.668576543337814,16.25008657816262
10.953318218244506,13.483906827633447,14.632492221575339,15.796166890987342,17.44268594389295
5.313825828171597,7.281228197541927,10.20077506160766,13.25625187759753,17.44268594389295
0.00044264323382359194,2.69542830802364,4.472108260615971,6.637731386765107,10.594273247081999
1.7816549381251305,3.3749855389481294,3.999385085031636,4.819951766149676,6.35699921881287
-2.0290771775900085,0.7784568296712874,1.7708093277522692,4.37077321202452,6.35699921881287
-3.185404563415069,-1.265579985918881,-0.2848166069941025,0.8626270800755602,2.1638067527479903
-6.588755140244416,-4.290851942162358,-1.2360992705805351,0.31085500127892884,1.8472758915138436
-9.475153030807776,-7.90958456908172,-6.380953232154582,-5.074117657831703,-0.48170775544353295
-14.24563261930048,-12.209889923231628,-10.534653234486644,-8.488163131954801,-5.7758305691759775
-14.24563261930048,-12.375940788107492,-11.327810489054674,-10.544479220281474,-8.964501246575896
-14.287846818211298,-12.063639460553166,-10.984773567681959,-9.449168817037268,-7.449351855677144
-13.987025451390982,-8.708778314871994,-7.765831386086767,-6.175284488222166,-3.7363014161709143
-8.444814768598357,-6.796957393054505,-5.927858344804012,-4.836370451540585,-2.4204547857198095
-9.058504275551218,-4.592215663241021,-0.5108686246596519,2.0570347806186495,4.64003464160446
0.8423323269939005,3.0360853921286997,4.64003464160446,6.028519917468817,8.175797111276568
-0.8407527449986827,3.0699066751347552,4.292849379112254,5.851183517979425,8.175797111276568
-0.8407527449986827,0.6410197842406468,2.482656864194939,3.2629726470597253,4.711457850588042
-2.107428400177315,0.49345937203766965,1.9065313403933974,2.8108163135628144,4.612363723244141
-6.604874040818199,-5.342119154607794,-2.5825807679965216,0.2183997603135388,2.6980239866406484
-6.604874040818199,-5.042018197415061,-3.027622679810212,-2.168909899734264,0.8971192856261976
-3.438636690780722,-2.1365355349947275,0.5817624146517499,4.410365283767872,7.054666782481331
0.8093713603074819,2.867445087062788,4.16899508603222,5.120285544942545,7.054666782481331
-1.7949926081737748,1.1416783525010088,2.2161322071293754,3.030706334368317,5.462205498184915
-4.4746910910373945,-2.034710189146918,-0.8539104447349279,0.9560206924078011,3.072534224977101
-4.4746910910373945,-1.8392633152066526,1.7445964907002396,3.009767148468367,5.218998082299019
1.888332242667381,3.264906069533289,4.989432247399804,6.993548262330835,10.09867510366989
4.884395313948233,6.800456406979555,7.946102608196039,11.366839635696095,12.688011761097407
-0.6919982116882422,1.1055426329836013,3.548694156573208,7.799093144220132,12.671742601439405
-0.6919982116882422,1.2393607857248,2.8121190184766296,3.541936919400058,5.651320538119863
2.1494177435807744,3.8407204930270993,7.127689945087566,9.669975278061699,13.940832721486842
7.011066743451991,8.288447062183868,9.660294885686465,12.16127033501919,14.919550012493222
6.938332703836695,8.99017823971643,11.113066376927797,14.790981422376674,17.28513258943487
11.91168752400666,14.430943743527854,15.920589715987978,17.006839455721995,20.170969313783395
13.972580683832804,16.235329323803384,17.449979140976822,19.360469388430744,22.66485482754242
15.25646093216202,17.52410847671521,20.169702612415275,23.169448138978503,25.174664314206094
21.036368788476835,23.517559661007244,24.402610520649052,26.095165355295165,29.238880428565096
17.387568345611278,18.947413076733923,23.144747864047577,25.668862642628454,29.238880428565096
16.33941341336694,18.008664817735077,18.543619039797147,20.688421785423124,22.46525501763963
11.096948509986538,13.323425236711829,15.830799326839132,17.33152322325742,21.516609012458822
11.096948509986538,13.119507576027114,16.176280648669042,17.48070804489792,18.708226587646227
13.000701425872926,15.729888316896186,17.022154359686986,17.970416231200883,20.148763848036666
8.65065626470042,10.910937422841382,13.943806528094559,17.52500321784344,20.592165793999115
0.7461191997992933,5.116416200489192,6.596440128623404,10.235645332460269,14.916254537585294
-5.990926435084464,-2.906413100665941,2.227968769217879,4.358706123105205,6.553037537534857
-9.133770659437912,-7.016059108041496,-5.587640185270414,-3.127926507510697,0.5887357939218512
-9.133770659437912,-6.8561689994073785,-3.2867901233633883,-0.8609139884592872,0.6802455270232013
-3.6129890652737724,-1.753224221161757,0.3293891500383065,3.7657285322671576,6.802504156616336
1.6918438016624577,2.996627736245154,4.415847456470887,5.788982485401251,9.950566535919144
1.6918438016624577,5.047877350107571,9.950566535919144,13.190686481000132,15.346182032251768
2.953791764841095,8.411330788644047,11.036917278193716,13.561478498168709,15.346182032251768
-5.187900065553349,-2.24006910904384,3.2207633128701016,6.847964437453626,11.688925863564638
-12.004629944606052,-9.58316873265073,-4.798921534178804,-2.911981652713112,-1.5184145021742566
-15.423885944786086,-13.274146095198656,-11.322480252564961,-9.777012691535381,-4.843413486608131
-20.550876692288597,-17.63471114256229,-15.31272764080677,-13.087759712127081,-10.985973299348583
-21.393092299140775,-18.812522051503567,-17.863954414867884,-17.007090669167077,-16.08044305438594
-18.889652365151363,-17.306874213771884,-16.36219152611609,-15.519410701810608,-13.588823277377397
-17.06423326630611,-15.504416587414385,-14.40115746809459,-11.25601800929293,-8.50101088152487
-12.913038968385004,-11.116163741674253,-9.605475087425557,-8.578464086313469,-6.4560126179145
-13.132840952920915,-11.196877740655513,-9.20889693383711,-8.092995608954876,-6.4560126179145
-14.147442438404976,-11.957529463879158,-11.12062368018606,-9.92644738206102,-7.722585373337292
-14.147442438404976,-11.019559445464912,-7.678067334680178,-5.198480018567104,-3.0511241778904052
-8.416478211978339,-6.187634310583608,-5.557832846520777,-4.654720471293892,-3.0511241778904052
-14.11230399234151,-11.028375367468948,-8.403020092107877,-6.21107820125332,-3.5354844582982046
-14.11230399234151,-11.895271064040106,-10.739493883730326,-7.626313512576767,-4.246748740825252
-12.198748698243167,-8.001711774946807,-6.875429829853265,-5.7976434791358695,-2.966801350379458
-7.361621629379222,-6.229182715086187,-5.250338880516749,-4.077232538162189,-2.843187437950765
-6.970519291123715,-5.2124098315425424,-2.6790576357094986,1.7440246896576377,3.867329468329504
-2.310830546864901,1.5729412138983814,2.6939390379552917,3.8107523536340517,7.744121508043358
-2.459106162503968,-1.2254045889868637,-0.17862332635958977,3.945792144936478,7.744121508043358
-2.3504966231595095,-0.56718151437506,3.104375591372915,7.455378993559002,9.773829520445842
4.38466318944855,7.43930339103625,8.035251454378777,9.205614114200644,10.526059944312264
6.7334819444685765,8.023100623466963,10.920670813856939,14.688277988749247,16.39766530890622
12.204737602403597,14.66173223090972,15.445461741349638,16.300596145284626,20.95257804575902
14.340191162519766,16.26711550159414,21.055346344637243,22.90063151255807,26.074334991501498
21.050017101794356,22.607406737215364,23.640741591811363,24.486031073426968,26.074334991501498
21.050017101794356,22.83156086750349,23.79590820617561,24.749622015343128,26.61666345466397
20.80837438810451,22.6449947093384,23.57807811146173,24.75192411184262,26.61666345466397
11.998141585880898,14.786125507526481,20.80837438810451,23.236088216571357,26.27193964826892
9.670389370570707,10.931282144129911,11.998141585880898,14.142970707551987,17.949487347185528
9.670389370570707,10.849084632141528,11.71318232878646,13.746261661404256,14.985033116674794
12.012696236531708,13.835166414897913,14.940170374998722,17.066302665789316,21.064086166037292
13.82646119808825,17.307030595215586,20.68770388186139,23.013248586633495,26.396314357143947
16.932042845466597,19.786782542157763,21.193514502047517,22.821645353709233,26.396314357143947
10.67583536242872,13.609676316677241,15.557408788197707,19.14739964375841,20.918138182456644
4.447966757198577,6.447660352260194,11.042047970314803,13.098499438811896,14.84735335765369
4.1277160000447575,5.414721643652776,6.2678545091654705,7.120630591631612,10.018890481465096
4.041325150598584,5.500549436718406,6.621948712275823,7.652633295574216,10.151744442292395
-0.6125229186022749,3.1095191553941204,4.7101135973961945,5.953291464621394,9.088072562817455
-2.7733806821799734,-1.498618522091279,0.15241650035794363,3.16769046837908,6.987239738945863
-3.803832040351592,-1.985360075011241,-0.7781541981267006,0.38409449973245113,3.887103333264176
-1.2741864686311395,0.6641524745668294,3.887103333264176,5.742764826118161,8.204045997348242
2.172908328910354,4.507097644666101,6.262643865673148,7.75057959550969,10.735209916857197
4.38337315015097,6.430171424894099,7.262453020572776,8.370077368208285,10.735209916857197
-2.447332880688477,1.7137854816727516,5.648463373443015,7.043087086313313,8.887615032876237
-3.498471027100813,-1.1863329208150564,2.5219832210786532,4.27334093752771,6.506071810345331
-2.1482061381016804,3.040008089227786,4.27334093752771,5.770014519834414,7.58993247045019
-2.1482061381016804,-0.669083641228903,1.2830506940038684,3.377805745941878,6.321675435072818
-1.713616483213442,1.8982079868317656,6.367356902565147,9.58421036692092,12.74872324069702
8.083987854765795,9.553873998337417,10.854798119141194,13.250666478141913,16.355793993605342
9.214336011771437,13.35819775542986,16.03900144945852,17.345318733524053,19.43855967043933
9.414459751401091,10.894250747681436,13.960826533313584,17.11278370778635,19.43855967043933
9.414459751401091,10.504636115175336,11.43992541860495,13.12975801739713,15.30404298501542
7.39783423306866,9.271465524078714,10.507327142663534,11.79281068669334,13.878639270089183
7.39783423306866,9.369874677158634,10.606457846343108,11.583296364461084,13.490195355663634
6.511177521048329,8.493317552734501,10.579347579043018,11.865560006802006,13.490195355663634
6.511177521048329,8.503959701520602,10.232192699301457,12.273664102231672,15.008107624104715
10.728762664428697,12.137704181284867,13.447642958486009,16.00984190795377,18.174204820835538
7.7049849766521525,12.803842651598899,14.71785533560162,16.03193051478181,18.174204820835538
4.3360477419704395,5.965984930248715,7.460022381530079,13.019942923557391,15.93598675661691
-3.446740041438363,-1.2775819459048603,1.456240082822797,5.957052543072237,7.553128142809404
-8.330302020757589,-6.366024635125341,-2.3230163797814614,-1.0198509433073057,1.2678741643805962
-8.330302020757589,-5.997132280708894,-3.963448495146804,0.6615793137980119,5.148617984200068
-4.0570681001655675,0.22333862127080062,1.2145467984930463,4.277151786516164,7.0646311256672005
-1.0821836149437036,0.38530582169873206,1.631713423593133,2.4194245436406545,5.48426691451811
-3.5845559734446324,-1.6600739707312133,-0.5100015589085762,1.680465633012044,3.47746667621287
-4.649981175501887,-2.8749434040989237,-1.5316430796910925,-0.9418660562948629,0.0909793929299636
-4.349874490253494,-2.2479369504205806,-1.5941660791922432,-0.5195369442970965,0.7721596779409452
-4.349874490253494,-2.2899598896560756,-1.236840669464441,0.056322926179475874,3.5318507142120366
-3.2031169962973016,0.3046782064729546,1.8721490737607727,5.633816699856516,11.552245656530246
1.1375097156099891,5.505295408059867,7.611513586045178,9.872623538690792,11.552245656530246
4.715560455632915,7.056691297061997,8.728561341994503,9.586643918388575,11.334413780149868
7.716320598215605,9.069404363536622,10.570171135123015,12.58630732014303,15.55937548249822
10.903371809435113,12.255792632737496,12.818442436412209,13.81772900510023,15.55937548249822
8.921394177841261,11.382027436857094,12.715081542153309,13.894878011967883,15.852885622670193
11.286222262821234,12.823633878280031,13.864920180235448,15.456403103152594,16.93208482540541
8.78363468928959,10.770660216543144,12.642140821320716,15.17736343416523,16.93208482540541
8.78363468928959,10.70840334128823,12.660496139305588,15.835720051132363,17.959210207700576
12.986239348927853,16.574794013359448,19.596053808288058,22.378426844982098,23.923210213449604
18.962206063415863,22.464351898965084,23.223070032264093,25.62054314362161,28.728269178215548
21.64550214872086,25.837633056816856,28.75299939902282,31.399689368233407,35.44326503411434
22.170872030283313,25.524573314760744,29.520763068161617,32.15180131078738,35.44326503411434
22.170872030283313,24.365748050765482,25.386765032344137,27.014268834596816,30.40904418942976
22.016270534831648,23.915687089989312,25.27847523957432,26.829303273986103,30.18320263834642
23.03378746051165,26.02893378742843,30.18320263834642,32.4185615699252,33.993636208486855
29.954265707156768,32.056513759625815,32.82744370333673,33.72556745215281,35.8515194077928
27.21322747425069,29.77986081687508,30.72439526600049,32.82508494135179,35.8515194077928
25.908072034983373,28.25735281733462,28.906810126621032,29.99292504900126,31.77972291817986
25.908072034983373,28.561356404880588,29.115772883183244,29.843559908011578,32.420690744179
27.77446171567156,29.721496864575137,31.551893152182046,34.774664398709184,36.393383744816525
31.96066319685863,33.85377759449577,35.14706469718194,36.42939901874192,39.35683823656846
32.741808377331026,34.740910886537506,35.8304085365782,36.86536732319405,38.78387280150232
30.456373611604718,34.23688876733176,35.746358107156496,36.926559720975675,38.58387914020991
30.456373611604718,36.329392452112636,37.7391136515773,41.83367543043067,45.55563244672306
36.4011756230277,39.78050430090017,41.16884785944767,42.26503547695171,45.55563244672306
34.388479704830324,36.7359129250701,38.85748282407259,40.26142982751841,42.49340283484845
34.388479704830324,36.3724207239552,37.969874080572104,39.14548170014042,40.275567905254185
30.128752180802373,32.48939461273976,35.805018365292185,38.11661411049894,40.275567905254185
28.38077547550517,30.806304830694778,31.904143279748652,32.59911268977754,33.92095057443239
27.147185043739963,28.801635554584436,29.78973419490379,32.18478895348429,33.54185101133407
24.447905305019944,27.41368798966086,28.629753787785653,29.76105614256047,31.1608551099624
20.333642850501622,23.17938344036134,24.759760306839215,26.972336752925273,29.208549637675915
20.333642850501622,23.704685093763025,25.436645011448448,27.561666156328958,29.50497592758544
23.34453904999853,25.32616671643266,26.274908994225612,28.184325608238503,29.50497592758544
23.34453904999853,25.332588340090297,26.51323196183319,28.352316187692466,31.473716172851113
24.59578499970334,26.612886699275172,28.06265797415525,29.246916369371785,31.473716172851113
23.04136827561729,26.362586801499894,27.30247030281614,28.352139548954312,30.22747551494889
21.716138036820812,23.34454724189729,24.903742943383595,26.726546198883714,29.19367886070822
20.852829030141685,23.54640838128514,25.00741533779223,25.976668073739482,28.15783563659104
21.357539619366847,23.114613729958094,23.698666570677545,25.2669890200446,27.616359078036336
15.858231571288389,17.635042951516944,20.40039002934702,22.70871162008783,24.445069944468663
15.858231571288389,17.722715701997505,19.57598210834247,20.614799927362192,23.084655555640808
18.342816275882047,20.058080622491364,20.74795557423424,21.543541061408632,23.084655555640808
17.623939856868898,19.171029583992183,19.896407664149585,20.562559009965334,22.227223558405516
13.642838542042803,15.020276263324977,17.154280175319588,19.40823345590732,21.269782091296157
9.69030505945671,12.723047994152262,14.678224649236864,15.61175205525237,17.615263917335692
9.234798610677299,10.876764400738704,12.095943663164922,13.38136628626303,15.923423254780035
9.234798610677299,11.965180254935287,13.765407180264438,15.755877794938117,17.86229120187134
8.000869920622039,11.409471329774009,14.252130180528495,15.775498692505506,17.86229120187134
5.854863978384593,7.396033536819648,9.472796513050511,13.516224816470853,15.792194408159652
-0.023954643826046063,2.4076751157352945,5.329852147804856,7.1777619969056285,11.482088255472602
-0.023954643826046063,2.3015094494103114,5.396566015699381,8.06751496696221,12.552459559849696
5.020778450591536,8.068911794553676,10.155928028756605,11.87848823628752,13.881465018351088
5.740942473335196,7.351078942186568,8.252851960921989,11.189332056945808,13.881465018351088
3.8771145876601034,5.911097322216103,7.2765173744621485,7.98860423921402,10.178901150823325
1.8594198355230012,3.944738921766544,5.265299674273505,7.244110217630674,10.178901150823325
-2.953613939686968,-0.6212990593505655,2.3887416912839026,3.9619418394218777,6.025644481432446
-4.529047570156579,-2.9410846394222228,-1.651906123532068,-0.7366712378753326,0.9850306304552034
-7.344067925195536,-4.769592623991946,-2.4690611870905887,-1.2365629635383764,0.5281612666551299
-10.775608600121194,-8.760031692598368,-6.755451353723004,-4.831212646057282,-1.9901981892455556
-11.032941080834954,-9.990221962891024,-9.385503283724663,-8.20867388475659,-6.293061114318778
-16.74464159615469,-14.303072396599307,-12.423131142015695,-9.8786496917519,-6.1697705696637355
-16.74464159615469,-14.85969969990537,-13.499385528488098,-12.59389999865654,-11.328247531945596
-15.956293756016704,-13.629713432535372,-12.51827357004114,-10.818905410080665,-8.647001537110897
-13.665300126349043,-11.92537293020203,-9.958303335609203,-9.032085271396122,-7.189482257429439
-15.213642918532912,-13.40793090167145,-10.493141069275087,-9.160775426053416,-7.114973092140974
-15.123799000400254,-11.133606017036453,-8.56148038437748,-5.947246917065365,-2.915047862256124
-12.037799533346183,-7.408539257304485,-6.104985595350712,-5.308847554991306,-2.915047862256124
-9.47898963372311,-7.600229238415278,-6.516679662907699,-5.2804254118300875,-2.884306258382085
-7.052177154769877,-5.717003004346642,-4.345444282466894,-3.5209537466767302,-1.6694573749763122
-7.708381281954516,-5.778048994648821,-5.017266804820704,-4.207343802424083,-1.6694573749763122
-7.708381281954516,-5.621007665440548,-4.603469261700245,-0.69110421248071,4.507947025081345
-5.833007453735074,-1.089038550425156,2.6686252460691193,3.837983492663717,5.290149175379581
0.19587867883413157,1.7216652682613618,2.7401236547143295,3.9319140724845365,5.290149175379581
-0.0022854068638240577,2.4879503328789867,3.451928818300903,4.527976979765536,7.177297149106823
2.579546576946912,4.291495196088106,5.002134843652335,6.042344257583416,7.177297149106823
0.11954077673759333,4.489942149509233,5.4101048693495875,6.978261739589643,10.114195444465341
-4.8877052591257595,-1.1435105689888476,1.5474101814424166,5.414217578987202,10.114195444465341
-4.8877052591257595,-1.5003530834165832,0.4059096554861411,1.8181105968809188,3.4139762405386715
-3.612205789015526,-1.6157403170880384,0.6588972274436031,2.5839470530644233,6.82629948925982
-3.0201057818967927,2.7048163209499743,6.089472543472666,9.615564518847952,14.247282219189518
5.616396407742159,10.880580067664898,13.695691554713967,15.62204698756004,18.59257881036853
12.873131733374036,16.580666663703493,19.928570385406037,22.698654038132602,27.735751102922993
18.945430333061957,20.714585357424028,22.17747094004857,25.07951106853742,28.21623995860291
11.15961822233811,14.617094928607681,18.256968991865907,20.37869103053693,23.560717037588653
11.15961822233811,13.43453780758241,16.765702791174068,21.628978317140586,23.348569657467436
16.064502577032933,21.23338526629419,22.45496166072173,24.586702437953345,26.27035732321039
23.71845665166325,24.664558658705328,25.614662670106092,26.99932792191862,29.574511755817444
21.752105778419498,24.473809818178005,26.379364886520783,27.405156844165077,29.574511755817444
21.752105778419498,24.33716843492345,25.7989435259021,28.211941501181283,30.716209255685502
17.492673537565842,20.15751217151551,22.04006779345125,25.837827980135483,30.716209255685502
13.479223777624119,16.430722536297083,18.14686847417842,19.449296231242954,22.344396880260653
12.649456532840773,14.137793826980424,14.974374431063122,15.764124036576536,17.702571915359236
12.01291548219539,13.604662147601811,14.361730573429785,15.442888603097824,18.015224344565873
12.01291548219539,14.721350664450688,18.63535697496679,20.79211165629779,22.491537757033306
11.246856286198577,14.334807897498802,16.071591290686815,19.211166341226058,22.491537757033306
11.763511513660855,15.361258094905798,16.262541735785486,18.87048674551898,20.73780171520053
14.731732034416368,17.041201991589247,19.982881080247168,20.92574825728385,22.40866124643303
15.97545473379535,18.22122079167767,19.982881080247168,21.279436147753287,23.423058119669417
11.87600818475321,14.839044694857403,16.81231080766142,18.09346400123144,21.363730405782466
8.16864359173797,10.385452574860697,12.728846645923777,14.455026271726178,16.745048130739782
8.16864359173797,9.942328392016861,10.638626660033589,11.292798001893761,12.808825818343882
1.3125327989388516,5.506780848071052,7.417928061920646,10.281089169285082,12.808825818343882
-2.8039278710775895,-0.14163293977262603,1.7724899100288831,4.919727110324763,7.67476434673005
-2.8039278710775895,-1.052224927903652,0.032491575510534165,0.8610144374304148,2.570313600482371
-0.36592007930466,0.8610144374304148,1.7569327444796834,3.1868726833688017,4.843518229242194
-0.7542734195964451,0.5165984152675385,2.1661309321876008,3.5335562834292746,4.843518229242194
-0.6036956340524979,2.6552479436410263,4.135507708167744,6.284564215865313,8.60100120931715
3.768749738499188,6.9315865506179,8.652640961879934,13.433065459305258,15.747037618898869
9.679830269337382,11.598832718351346,14.199647729049262,15.190152346778966,18.1127408266321
9.679830269337382,11.811845699419091,15.20801391902525,20.8864206848751,23.096846906710738
15.539217099619098,21.411482147072785,22.69871593418774,23.826791464691265,26.758323545620954
21.280849774760068,22.839281021004616,23.802573161551116,24.75023943926595,26.758323545620954
21.280849774760068,23.796614377493206,27.04696179390665,31.114693054559524,33.894299210374946
28.72376180737499,30.433688970429877,31.580821615942217,32.486347615524906,34.30518117202069
29.87432163257185,32.21722707530202,33.35145925888838,34.85927148645714,37.81055671196426
25.05965541391125,29.681478044297894,31.448275634770845,33.500348434106805,37.81055671196426
17.766695882411874,22.495993782322685,25.51670756117025,29.052787020085418,32.973353198213424
11.22845763415833,15.70037000891093,17.05437013810948,20.937425078557187,23.99032600539944
5.205349282904281,7.457122550464405,12.046778631169929,14.646488967569343,18.213400614449306
4.556421815593303,6.33988309681671,7.98337845736068,10.04591866305042,12.714278976440896
5.907025580451767,7.547670138477951,9.755598694412651,11.046771520487582,12.714278976440896
1.3522432797640245,3.937257612527433,6.895207588503338,8.10902349638732,10.602281323271436
1.3522432797640245,3.8105350734827566,5.847567990573787,8.289766109993893,10.262878394992562
5.909762139129846,7.19309329056359,8.113752532695461,8.581243266761618,9.431908479859848
1.5371205446529372,3.806220006262415,5.909762139129846,7.801658703304657,9.282811566858259
1.5371205446529372,3.806220006262415,5.183413813353298,8.918301649439005,12.631004923689222
4.165547852888291,9.887418725504016,11.893130930409768,16.167862598253635,22.992181356229757
13.630795456945856,17.023970696144573,22.143270875142193,24.08342221361555,26.64207103908285
19.28650067997745,21.6778161087152,23.227315930790247,24.333191889996687,26.64207103908285
16.449649965859653,20.01764570689047,21.16286636055468,22.175721376919274,23.86094531456687
13.093602583289979,15.505778640196649,17.27937351059596,20.00363894449773,22.716431202914986
7.80871677660509,10.8641410323931,12.638780686140432,15.938498921518502,17.87097569864272
7.80871677660509,11.15875354891419,15.598632851997507,17.589341059157558,21.86169395063754
15.51769159871414,17.97305189812493,21.240606404358516,22.430483995966465,25.96390961420466
19.67828658026323,23.873403839958307,25.688511846968932,29.835050275415902,32.70899864878196
26.38627263361408,28.81671587370987,29.735449427189703,30.67302217003305,32.70899864878196
26.21747189037796,28.69397384453059,29.82580886505964,30.778237993490855,33.03786901671442
27.2168333127662,29.055445252606265,30.24653128574129,31.00682423354933,33.03786901671442
26.36915699531387,28.44621863601422,29.367751269584264,30.79064457606957,33.1050973556001
26.36915699531387,28.771552490181634,31.98413557793599,33.25604388522599,35.61164450000155
29.586928393703403,32.951845786957826,35.96133598754258,41.40948604819853,44.41331667342939
37.27908016397241,41.04743214197396,42.721827655470825,44.68577214285544,46.758477603372825
38.98032378862397,43.54542030833941,46.43301680584394,49.36850017786884,51.67402552488939
42.190346293761884,44.96783011637661,46.59167847904149,49.23230278246898,51.67402552488939
43.20992626210595,45.83160754441691,47.59326443678717,49.37882133665966,51.56233367057629
46.12327437460194,48.1590511627303,49.10370373939041,50.09321282417784,52.13023139485178
45.896919337015326,47.41459567849295,48.22641022883535,49.09999220467504,50.68980083271611
46.29559784470767,47.935206276463106,49.29870347911385,51.829515155280106,53.71227327480947
49.912601798426735,51.768965038843305,52.525814708114794,54.29868977395271,57.08543677905687
42.769285244265276,46.446271108189464,48.965214103283046,54.13485775702008,57.08543677905687
39.46602305879609,41.594937622334385,43.89149980517342,45.97889787752108,49.089855308215995
39.46602305879609,40.59822404777771,41.3859073513007,42.8737453172452,45.60288718372325
40.01555688293887,41.48615169075351,42.69971994249095,44.529903999858696,46.900622478028644
41.47390492912671,43.58663716967559,44.61949927228529,45.94499217370361,47.88135148010442
36.21650124507775,42.19190325581056,43.939948348934976,45.81784112596266,47.88135148010442
30.740464464376192,33.744790491533756,36.2624347157636,41.92549855007842,45.17817077247371
29.307608041698472,30.295557690805683,31.18067941662937,32.60130930270944,36.13570487973279
28.287409196026175,30.56864195638151,31.54060129219325,32.913306422193706,34.713897998424486
29.99879208315526,32.12160942894417,32.67266226781572,33.25809357808485,34.713897998424486
28.00303525860171,30.061450389192206,31.42155269361849,32.15763935327346,33.53148162213004
20.168823771355104,23.798358346745964,28.575888198119145,30.712373035305976,32.69355750908776
19.02966240407847,21.39675149487013,22.307951019638786,23.538605944940382,27.969003694541723
16.9308704441218,20.171563745998036,21.2738343374549,22.077715887688896,23.733047396406548
16.9308704441218,18.668795167427515,20.003945763549694,20.996132648008242,23.00804267580664
18.06020783877289,19.759082641472926,20.697828221715838,22.071744136053407,24.441220386197234
18.60666084493601,21.09499948593543,22.033082228043995,22.46326209446437,24.353667123421236
19.41441730064007,21.124255393436783,22.017241814936018,22.617559945826716,23.87877500078837
19.41441730064007,21.10370427514313,21.83242287875383,23.11263888181766,24.65772309384863
20.409808956060346,23.288764218772997,25.45800603861003,27.232522938440248,30.61077173410412
24.123481662764664,26.818830173454508,28.00351560780968,28.897035530629736,30.61077173410412
25.91736575643165,27.741305498045378,28.910321705835948,29.990880286607357,31.859918757226428
24.902935888435955,28.48721944753286,29.722151566334297,31.391788083197465,32.44706865369891
24.902935888435955,29.757774127332954,32.21174384969582,34.04147640323417,35.831084401648106
26.754836308513422,28.198157434530835,32.41448537668405,33.92590069952699,35.831084401648106
19.20696502257759,22.06655513825309,26.951169656802843,28.010792079453033,30.187880514215077
15.73205833888755,17.39503155902994,18.282912707697136,21.7786485457674,27.99142182570037
13.81203507175125,15.700859091138224,16.983462592531712,17.59092243450131,19.307485686859852
12.743148762273973,14.211950702225298,15.477675696169197,16.86308192984152,18.78295374659923
12.898248241445705,14.629869218380893,15.812384890175995,16.65627222715252,18.78295374659923
12.625434817333,14.390688162490822,15.255822919825206,16.488399785430463,18.0247389808966
8.05865467736451,11.202183947157,12.900012355829336,15.166746382834313,18.0247389808966
8.05865467736451,10.781491369074669,11.367189816968,12.322469342451488,13.354852426148096
9.674709897728055,11.408835317042072,12.36002829585923,14.859481700724348,16.969554960401975
10.274799088188278,15.449225545419766,17.805521216991448,18.97470466885948,21.32938138037985
16.943116335956354,19.013911076103454,20.892977353246792,22.394305299413624,24.670799447903235
16.06879990461153,18.486525096870334,20.123553139447424,22.424457172180308,24.670799447903235
16.06879990461153,18.30621311229489,19.692393808667127,21.99485437334687,24.63590358573361
16.308150989022536,18.619688896500463,20.143092658236124,21.96173674489544,24.63590358573361
12.45631849009005,15.561810990765782,16.665534577041793,20.585850228294778,24.741429269802946
12.45631849009005,15.000730955072648,15.707096095967325,16.16407613471307,17.781473160678587
13.861226839742969,15.706748512255677,16.461499872216706,17.738716855292726,23.080311626416137
15.24014962960612,17.868825388005085,22.6729518023555,24.220741939543334,26.808675786018934
21.59620063044975,22.735321159959646,23.652742514160217,24.64028311005676,26.808675786018934
20.178004188685602,22.40050487062271,23.126334882314254,23.93106124196752,26.306835815631956
19.18851348347821,21.85255891000089,22.829619758075154,23.25198708858631,24.560024063969294
19.18851348347821,21.083037926667046,22.8604927619688,23.775372035801368,25.772670861795
19.53503516391537,23.669583389137227,26.71840408480775,28.026751009742107,29.932954899495236
26.944592779200814,28.218909175310284,28.937638467278916,29.81333782631646,31.1819209704125
27.409872943285016,29.71971104991228,31.125524410281308,33.37541263122206,35.54201170126621
32.03140412568179,33.11260752868098,33.844188845666814,34.718950121948026,36.40346653640651
29.62334497993886,32.623816480152215,34.17422129818375,34.76934210285383,36.40346653640651
20.956699624480255,25.79856048550872,29.743554333027365,33.05821936988327,35.26433582585347
11.597291134523564,16.145784147052346,20.607900936285528,25.702631787702828,29.77341876599673
11.597291134523564,13.802136742094827,14.856701957989088,15.882589537047473,17.944530363344153
12.99432457288011,14.059188559824765,14.635705762656954,15.601950016248896,16.918456856914204
12.661382028997746,14.60860165523183,15.819066554143218,18.172996706291116,20.569120466457782
13.187535895077922,15.498851416848003,17.68672585295139,19.105781426903878,20.569120466457782
13.187535895077922,15.434843990034594,18.655557244546227,19.960855206761522,21.27939433078063
14.292695840683887,16.27638700077285,19.433201645551684,20.49059445304779,22.047928661116007
8.540754941999271,11.39557478942843,14.585053574877346,15.957986796666468,20.232549124837316
8.540754941999271,11.319470529360963,14.006750810849965,16.503067539977305,20.874174213393726
12.260997450397978,16.56939880838526,18.033047291995796,21.52027483961885,23.637581481915387
12.856593611566495,15.93390156852097,18.421991983793795,20.637197727523336,22.458096765228834
9.923145234629747,11.657770339357814,12.97057465941843,16.76608260007461,21.840425847509252
4.922311047811001,9.144156403655291,10.83774222813438,12.533296990479041,16.39111745636734
-3.2618551228957875,-0.1871424099030996,4.983341848158071,8.891438123443695,13.546120417846812
-5.7293689385089355,-2.9078428752471908,-1.4345704858073813,-0.011150852656364396,6.13738393715085
-10.856112646847349,-7.047310084848913,-4.79907021824991,-3.3744656422033783,-0.5900631701580346
-15.84514087968585,-12.748504015728718,-9.680071812320426,-7.699492261051672,-3.92701914207369
-15.84514087968585,-13.238383123225255,-12.177759343953483,-11.302087805218235,-9.321972495145088
-15.666952858668003,-13.309941331014974,-12.515645147875219,-11.859355668120438,-9.321972495145088
-15.666952858668003,-13.413746844077668,-12.595654203290211,-10.848013593036551,-7.768893752874976
-16.308078198752394,-13.516143516005073,-12.466882368736059,-10.55767259589421,-7.768893752874976
-19.075349499866924,-16.09719953300726,-15.00862193886282,-13.166318090553167,-9.495309939057496
-19.075349499866924,-16.455635197910457,-15.249913328823034,-14.211259199133488,-11.500114292378147
-18.376537619521244,-16.742302018556803,-15.103286010552656,-12.806483221809117,-10.969514872672908
-18.376537619521244,-15.207800181189814,-12.242873358611696,-10.696296572057516,-8.12687459893349
-14.68835794737485,-12.553875419545296,-11.098332571531946,-9.868508046743587,-6.118683078884242
-14.142257175555148,-11.824739983727108,-7.452953060327233,-4.242749850695853,-2.7426383593071897
-6.41437670305368,-4.468567686683856,-3.7389203034058434,-2.006797574008213,0.2256117552508885
-8.90456795840188,-5.915825742075852,-5.177210215399587,-4.014212309809485,-0.12907316856468443
-11.162628445569293,-7.6871415491930115,-6.0406960851499205,-4.460403440919823,1.024970386700523
-10.39390360343765,-4.110733887645723,-0.4171720664730165,3.24162616522561,6.653686709359985
1.9599433053603577,3.3827806472918645,4.532294595055643,5.567461706287788,6.899395692825813
2.2867730326004327,4.228494325960202,5.346236588435253,6.432743223706446,9.100619061681751
3.31502742932141,4.81071281196154,6.080446043504947,7.112367282218321,9.100619061681751
1.9992925041776066,3.783466285695618,4.5910597029094316,5.335643805236076,7.057512292835406
-1.6099254682380664,1.736421721123852,2.6355827641368075,4.324950374919154,5.69702177182606
-5.53750141409158,-3.688581321319973,-1.305426220247477,1.3699990343292878,3.1476441651725438
-7.261581818021153,-5.588565748349043,-4.679603007725173,-3.9123852156384844,-1.3743669137479317
-14.164357773766074,-11.59356170200113,-8.53080172977911,-6.57882074276857,-3.921692882689709
-20.967526102197237,-17.477344644159416,-14.081090447075006,-11.827728345124614,-8.345422993497188
-20.967526102197237,-18.38877771254456,-17.09386771553559,-15.53237926983762,-12.896138516126335
-22.742314870048926,-20.368143690584795,-19.083330247573052,-17.923747092732974,-15.761471791168267
-22.742314870048926,-20.35717473319191,-19.21096361048719,-15.217714640233103,-12.486198955526543
-19.514271205489575,-14.934996287258773,-13.348079113275624,-12.550497550185185,-10.177931479224132
-14.438865925001538,-12.784802243870345,-11.58716408549648,-8.95046941231684,-7.1091811159762806
-12.607455696338398,-8.890243726722057,-7.249731375465785,-5.1361561078260785,-3.523880644141445
-9.936483298563855,-7.411706303664661,-6.543302178048192,-5.076908238700913,-3.523880644141445
-10.253575857324805,-8.609921231555198,-7.122262075385675,-6.204347229723323,-2.6679055514039662
-8.599663478465642,-7.000307725691898,-6.253746162592149,-5.311916486951582,-2.520733457606144
-11.625536036561051,-10.005663590387492,-8.743243895709176,-6.8169879007083285,-5.320185136852285
-11.625536036561051,-9.67322387868337,-7.431875630539425,-4.9516037737675145,-1.3718101324379055
-6.808958625242958,-4.808644377235277,-3.170822009995185,-1.613702177630619,1.0543054205423614
-8.356827199998623,-5.2260422749961934,-4.115760882295675,-2.5147322230862557,1.0543054205423614
-9.742937189219827,-7.906926865657157,-6.063637399156305,-4.8413620403526245,-3.5452182940382944
-9.742937189219827,-8.06927110188121,-6.568623963402489,-5.6137466665392886,-4.115581288093218
