whislo,q1,med,q3,whishi
0.7093661019391115,3.2392712061987177,4.067561033593302,4.671339710359101,6.064385782889948
2.019513916777637,3.839154715215453,5.111881580360758,8.608970513338193,10.195888515911582
3.7958077080072776,8.047475696317841,8.89845258160847,9.913870514297336,11.353337768352581
7.471759771059082,9.373091959156861,10.785749400298922,14.158629357478858,16.051652161874078
9.644706571432005,12.313652671824649,13.561107063379797,14.36110682051502,16.051652161874078
6.863986889371015,8.991725760160596,11.644393223937382,13.55218301154017,15.507484733797819
6.195313230874428,7.63847273479827,8.667243253212607,9.439010039079848,11.250702095085229
6.195313230874428,8.743865306551227,11.976014878216567,16.412781172359566,18.461924786900642
11.874237540426845,14.630518446831653,16.542956971513007,17.503049442531513,18.461924786900642
5.268431737959058,8.674022476013075,11.425317694894867,13.755902626852464,18.00393436434933
5.11256350017084,6.3289732331479405,7.705766572498633,9.01474381024477,12.926835690428959
6.2825048333314575,8.95935460256803,12.099067456498387,14.072697059485083,18.20328576462988
12.280307841515503,15.35748240627748,20.831026108819522,25.442165769338565,29.20376987974188
22.063699562039695,26.01622425539136,27.464328688122297,28.419718186996324,30.108431947902673
23.66478762272163,26.326066755283023,26.872067757335785,28.16902874033325,30.108431947902673
15.070944006448723,22.032760937956663,26.13689279519443,27.01490318370365,29.105495519578643
15.070944006448723,16.84333963929275,18.46890464403706,22.032760937956663,26.4244970186446
13.933455066606367,15.967882916438136,17.37141724734451,18.10652016431591,20.466864639632824
13.933455066606367,17.52800678505787,18.981183795055095,20.96088151578866,22.059313782693557
18.856399343268258,20.991813787612273,21.865573282445887,26.775326374895947,29.54016443332733
20.143155607731927,22.296158954114993,24.623026767438496,27.551937848537296,29.54016443332733
18.12559152476011,21.14284438287296,21.960503627864412,22.527044884881107,24.57768254525646
18.12559152476011,20.514886435520243,21.99881584611071,25.101452097705128,29.280281351038234
18.491207031546686,25.119587600750165,27.550495484713565,29.99624110512805,32.716556139064615
24.645809287409463,26.266533138347818,27.657041205673522,29.109427939430716,32.2438153455488
24.645809287409463,26.928228032187015,31.842469000054592,37.28611509651523,41.03874813854818
35.24334798735533,37.28611509651523,39.55909519683717,40.6743589405834,41.827032418515685
36.43072152712954,38.81669579030846,40.25147557871006,40.80340032104383,41.827032418515685
36.82645017676282,38.498625757594,39.710678037731924,40.322629204170354,41.378147632773015
35.701747908755976,37.84771570120679,38.616770925390426,39.757949374328675,41.50908087013999
33.39468974699618,35.838758084970266,37.4534576680844,39.05387137233321,40.858978013419
30.02791915079375,32.102648875190006,33.80707844260478,35.46560913920284,38.969061524618326
25.28877756880203,28.6314295361925,30.02791915079375,31.53470401753053,33.97646549283198
25.28877756880203,26.476122162425938,27.73726728621819,28.675532448953007,30.49767281876531
22.16169846101814,25.23332085098194,27.159101664672974,27.73889335249455,29.29423500914542
22.16169846101814,25.600778419033947,28.23086374117457,32.840775877569044,34.592297086580665
27.9870781658422,32.45419700436216,34.275485228895214,36.50722636444672,38.552209509855814
35.57322913517065,37.27983864763402,38.552209509855814,40.62680317423036,42.66426119296931
37.126449262066764,38.69545593677712,39.65238020640679,40.63344431479591,42.66426119296931
37.126449262066764,38.50654633783013,40.44663686055514,42.08285065417382,44.019595140661295
38.01592404394183,40.64448443860846,41.64583247576348,42.3987225041409,44.019595140661295
38.01592404394183,40.77501422631377,42.10624487279377,43.149833752874216,44.84630900717276
39.72894756250531,41.62594066161497,42.91852363205204,44.30542154121372,45.6911842368938
41.864326074297495,44.0152421270339,44.655678295137974,45.30411331635931,47.35037948807169
39.23350199574029,41.864326074297495,43.52433277189578,44.67222001233306,47.35037948807169
39.23350199574029,41.42164601629047,42.779520109549225,45.31867295946873,49.0004863828755
41.8799220520034,46.10265600148995,48.716692823572544,52.10734906600447,53.621689331591
48.90329842525237,50.81579934805519,51.94149084125117,52.90176564994687,54.04187788731491
43.49864501979433,46.75935387406642,48.29417004102305,50.5096378684883,52.64395218426204
43.49864501979433,46.44336380623006,47.1291545761616,49.250538350874535,56.02698981227591
46.508696701933694,49.3878251344145,56.66982141213466,60.20222658608875,64.45374524510645
56.79561266711661,58.94121953224362,60.94685047610464,62.95326995901521,65.49919815461875
55.396893716279045,57.252483668168004,58.0194555475282,59.35917839360705,63.716218325704055
49.36975973785633,54.57416667864452,56.5436187567467,58.001194306475966,60.488740952409486
47.39621127715872,49.70530189329209,51.68172791964807,53.82662125461476,57.09618749311327
40.02098984748806,42.28358331163607,46.34243134653389,50.85701049869198,53.82368485149367
35.377468252434596,38.53070964508744,40.42971721287155,41.75499262810345,43.21790693182525
35.377468252434596,36.86158216217446,38.07927760838233,39.73567392317228,41.59385943400748
37.304565721394596,39.61503197190243,42.046596523605224,43.415624195305455,47.865406084607855
35.82969318254141,40.33717738895734,42.30369871928891,44.179187252429315,48.77872147950546
35.82969318254141,39.211510801532086,40.0427736699522,41.84997748131839,45.22931403173851
35.85561553933198,38.87782953267131,39.98906811621923,41.85819354846079,45.22931403173851
35.85561553933198,39.842022752438574,41.813358795495034,43.38662932234453,45.183535767749675
40.57008389926215,42.63075066431205,44.01618784978483,46.45638180370774,49.665095101138014
41.88676054963034,44.60219492528536,46.677277729749306,48.27728711822758,49.665095101138014
43.27289812225116,44.489846849944854,46.26541147088385,48.034501907264016,49.19805041439549
43.59458371944991,46.84244319329955,50.974804415486666,53.762063576321154,57.05233463486168
51.76231665196939,54.33010153370285,57.69243361333778,59.38310030996216,61.47140591820386
54.12545558649725,56.484272776140706,57.90610348753168,59.25044737235858,61.47140591820386
48.29864500296271,50.73151269970334,53.74124730760478,57.45877309740444,59.84785722612025
48.29864500296271,50.47777960004203,51.553402070393226,52.65041460437333,54.03140818268731
44.3959261635472,48.86732541487297,50.934763202326906,53.12144636765673,54.81360098435642
44.3959261635472,48.155594728070604,49.74101311850545,51.25554675181658,53.94954693436293
49.51163257860249,51.2498629485116,52.04537514130044,52.83724437361715,55.02472189105375
47.05365463986757,49.20212836030932,50.66330752812913,52.14445475308608,55.02472189105375
41.079982785665415,43.918842247365184,48.22753395797079,49.55656154069559,51.07102980164434
41.079982785665415,43.932961803720104,45.56894779539831,47.33627632749074,49.70934460055372
43.65266705331238,45.54400604888117,46.63872685764925,47.87311205705142,49.70934460055372
43.65266705331238,45.556297316808944,46.44491616737863,47.419522347898386,49.46175415748585
45.28086549526696,46.35018514795591,47.11124392293716,47.65269149116437,48.60117236330465
45.2280240084117,46.93163923928817,48.57556359899631,49.76284711626949,51.48485991677527
46.81387115682297,49.592513489899346,50.59245658384032,52.05901745230272,53.31894480167179
50.37240808727857,51.77769923862009,52.55167663001653,53.116129682210655,55.253001452525666
47.57407264295412,49.29349936384825,51.50306678516563,52.56872434847211,54.5086862785091
44.24001521580469,47.97832341733839,48.873277796674444,50.525352366843215,53.518693855166816
44.168150861700134,46.55282246917674,48.08493901659058,49.00560144753138,50.7908866373887
45.57415438476,48.24557350552083,49.53197939088058,51.12444377049149,53.53258176840288
44.445467994448194,46.15270450411987,47.217433752018465,50.66911813223779,53.53258176840288
44.445467994448194,46.06791948315964,48.10581768989191,50.165916127207225,51.84738884228707
39.99127699291157,44.84664618250423,47.5870855093257,49.49144914197761,51.84738884228707
37.328031182870184,39.43240240711529,42.1492493371101,44.83201196921134,48.0343439818652
37.328031182870184,39.42024610292296,40.386117096624005,41.44695720810163,44.33821129264682
36.656961985152314,39.61378619707134,40.87620751511798,42.520010682098075,44.56633412628135
30.820747049934095,32.686886025374406,36.18021137885214,39.40710013523801,44.27840360230612
27.57261018016267,30.01981250514855,32.111321718736896,32.83300861659711,34.25000647133975
27.336461532963675,29.257425835728373,30.55869384898597,32.67544308454988,34.77280757004547
25.613920651149254,27.336461532963675,28.91506049518581,32.06615867877356,34.77280757004547
21.809850437739595,24.989251523663345,26.15507621915969,27.43439135097357,29.98286123592109
13.353635926146904,17.58540734196685,22.36354704713621,24.721654920890984,26.39280011524309
5.532933387177227,9.871524865783922,12.942490180144645,16.36500328902185,22.522029814201563
5.532933387177227,9.09203172906286,11.055897253974996,12.785263247069388,15.103640525066824
11.220606032601022,12.725486979586988,13.646009960834506,15.30675608695992,16.943810633965057
3.52248588202375,7.1245644603877984,12.120474724551789,13.24109724796957,15.664098148485195
3.141140531845114,5.470135042999411,6.799976346861591,7.835712551325951,10.204335167920537
3.748345457999265,5.256751916383717,6.861481239818647,7.663733822888161,8.503583237570421
-5.034867565107159,-0.14351048450352666,3.046909975587881,5.217158128301136,8.746399425766258
-8.373613462584188,-5.648007555739223,-3.136451771618276,-0.4931714933974547,2.2876183486114865
-9.418050083979974,-7.677886389180523,-6.4138325063192605,-5.38089343445542,-0.8082006844721306
-8.044176155870314,-6.637645195855928,-5.881303590594838,-5.077838737468692,-3.100570822759061
-7.436253392088158,-6.076090116217548,-5.033736618335282,-3.593030769645455,-2.5725756927508234
-5.9341275768916155,-3.6191809894653355,-2.8451135271727446,-1.4969064468759112,0.5314529467516445
-4.411804845885249,-1.8558361857002432,1.6165773853921475,3.451423889945476,6.163142903927962
0.35249332050011106,3.3097646733435337,5.055352698256444,8.54858906624952,12.546593325622666
2.729843649898598,6.25273503741266,7.782151075822167,8.956321975978547,12.546593325622666
0.8168111739480597,2.5039278271412444,4.23999276918176,6.114566566573288,8.821043182615758
0.8168111739480597,2.455750966398501,4.7999833021470355,6.480727524441523,8.18363647576136
-4.670155621938284,-0.4745607945940648,3.002941054747173,5.023986073143848,7.242800237519946
-10.504502586774066,-8.084506086400728,-4.924261222742869,-0.8560257955975146,3.1324945582292987
-14.01417631086013,-8.983492239920912,-7.651133381958899,-4.595148643811893,-1.84353288257446
-20.934209757151436,-17.179485422821198,-13.452789863325657,-6.251355395399839,-1.84353288257446
-25.641160463173808,-21.956794825577777,-20.578086402058243,-17.968310812185816,-15.630692730642917
-28.45190918648134,-26.77908565599574,-24.47596631343749,-21.65906354933913,-19.31511275026302
-28.33080235787883,-26.713394228619357,-23.208181101320662,-20.17703960606599,-18.580459052119952
-21.518600220411685,-20.071220414552094,-19.466199722069682,-18.420282861079258,-17.186126780680965
-20.87673534370074,-19.80161721881809,-19.305462454552302,-18.33686356184887,-16.34737404964427
-23.448019171158585,-21.677063451505393,-19.80903253039366,-18.8524517173023,-17.303568731601146
-23.448019171158585,-21.567449233284975,-19.744259109886606,-18.40807597205559,-15.941404856461835
-20.58430831032016,-18.118125726400557,-15.492563798355295,-14.305725000338878,-13.01616708992153
-21.14940703461331,-19.238922106805305,-17.359981319818854,-14.598050704221347,-13.01616708992153
-22.036108900777812,-19.63486380306111,-18.767186887398587,-17.25970431219846,-15.48575868560641
-20.63606955198028,-18.596064073109357,-17.46220227354424,-16.405104678249046,-13.57700184699331
-23.23188092640649,-21.556737557363007,-20.609555936795697,-19.103719198935245,-13.57700184699331
-28.200052569993293,-26.888233910271857,-23.640446714058108,-21.526824155743206,-19.69411729129207
-29.058592035595233,-27.671769673670465,-26.86277209202582,-26.000475257061886,-24.23554783062738
-38.261356470648785,-34.37325130581248,-31.181501160860137,-27.797472417314236,-24.23554783062738
-44.09506337384307,-40.343689980478146,-37.90116218255598,-34.48787697103649,-31.360798770544108
-48.691645147677114,-46.69494340945856,-44.98273203653628,-41.48025728231465,-39.70682363902165
-50.48604375872047,-48.95567921047107,-48.11198347203635,-46.929976023851765,-44.73409501563362
-64.02468765989593,-57.65005211849896,-52.2592184625219,-49.35897490229594,-45.95238644560274
-64.02468765989593,-62.484021566602514,-59.87701024152372,-58.23935646235,-53.70358994576014
-60.9930104420023,-59.421989891397146,-57.99920371745371,-56.23964278441404,-54.88207066774779
-62.03336005827749,-59.961453788960426,-57.071166492454324,-55.7348537210605,-54.78300868630324
-62.03336005827749,-60.32021719843587,-59.36237039823347,-57.49634568778999,-53.09916195045778
-67.79525630509558,-64.36576331961486,-61.434511329155754,-59.18757953539201,-53.09916195045778
-71.85421286960896,-70.03867674018925,-67.93811123493211,-64.94810138938689,-62.54315719817457
-73.08228141709476,-71.31326675647702,-70.58112290425953,-70.05904061355744,-67.30801802151313
-73.08228141709476,-71.35323395379427,-70.14615292822498,-67.17193805707092,-65.0339627025867
-71.94073372996372,-69.9728637196608,-68.18212232210414,-66.46734247041928,-64.5680447575603
-78.09250108687984,-76.03735217821281,-72.34194511584799,-69.60482320839313,-65.41662767455708
-78.09250108687984,-76.11223755836875,-75.09586261528632,-72.55798496279094,-70.8624877926673
-76.10265931554531,-73.22208107179485,-71.64582259675363,-68.83491275553203,-67.49927438145505
-71.27245946663389,-68.73440886936348,-68.07406582984024,-67.29848805589117,-65.95056411406695
-69.01830671086974,-67.43601069839826,-66.8088678339524,-65.7242737793314,-63.12813173364435
-68.78617154915159,-65.74074089060876,-64.71138788281623,-63.656579571165054,-61.64392784143035
-69.07781474206571,-66.61742949528664,-65.45670941159263,-64.03792645739323,-62.44116689362018
-69.77112093488395,-68.52015624140475,-67.91007241092969,-67.03586606171118,-65.02432374842004
-72.107850260407,-69.5182690889562,-68.18490382296352,-65.70055747993977,-63.11413562228607
-72.57777639785205,-71.32196473621947,-70.69446294950541,-68.63092000287094,-63.71218966130139
-72.40808261981945,-70.85615683771492,-68.01293544954285,-65.58393007306799,-62.391862115172735
-68.77392064550698,-66.5811376499934,-65.41178039389406,-64.31595714099852,-62.391862115172735
-67.6025592548266,-65.29950493364687,-63.0958130423998,-61.39830980115356,-58.90194021289918
-68.47406255027234,-62.97896077605672,-61.21088774232141,-59.31800110226094,-57.12702935271905
-75.23386777117713,-73.58428213283295,-71.37622970042403,-63.3463603949768,-58.90881744040747
-75.23386777117713,-73.81102180011568,-71.36302594144286,-68.10516326620628,-66.03767512939919
-73.73453205343536,-70.76930935601901,-68.58217761339078,-67.18824996651536,-66.03767512939919
-73.73453205343536,-71.55527817701757,-69.26617997960463,-66.50017295272049,-64.12380314966603
-73.58461846667753,-70.01287186049977,-67.55017884929211,-65.74609169579772,-64.12380314966603
-74.02296639858595,-71.83270699191712,-70.8681542134086,-66.43215208517894,-64.38063493737621
-76.18902584666316,-73.85099037570352,-72.57654937550981,-71.60722400894197,-70.48664864213154
-84.21180540423937,-80.0230082509009,-76.82092295616442,-74.87488476116525,-72.33187036693143
-84.21180540423937,-81.61956333730754,-80.31515206004434,-78.05703733716899,-76.15941798222251
-82.48971119738555,-77.90248981166229,-76.89287920521149,-75.41677662778262,-71.86442441428652
-77.39385558032555,-74.9224242923215,-70.85516055790325,-69.37637486979168,-67.38178166176532
-71.4371007369413,-69.02797203980836,-66.11400236012682,-62.894986941740534,-60.11330689943413
-70.12383632518181,-67.5495815381115,-64.61623154392822,-62.66399633672681,-60.11330689943413
-71.63844023137806,-69.92570318263128,-68.80399775498556,-66.82500649368004,-63.224978584114815
-71.63844023137806,-70.0956594218948,-68.56876518495248,-66.36601610482721,-65.06311635095193
-68.77842491809389,-66.59669315569656,-65.57792652640308,-64.01890172038243,-61.732028246524045
-67.2073178816166,-65.13443554386947,-62.44588045606452,-61.25614495324929,-58.55181100669875
-64.31941384083888,-62.433121093752355,-61.340248352161,-60.475353333610656,-58.55181100669875
-66.44951224446369,-63.59303143493822,-62.38069866211632,-61.10341420116867,-59.175106007175735
-70.77160437833888,-69.07263919314374,-66.49509119856997,-64.352407479606,-59.175106007175735
-70.77160437833888,-69.7857107647653,-69.19338954901349,-68.65989485329195,-66.93287698598225
-70.13402957717975,-68.6749922165185,-65.41343639655132,-63.299011693733426,-59.993692116994005
-64.93503187862295,-63.228533858127236,-61.76019035902352,-61.06540191377154,-57.77030476899992
-64.15969229228162,-61.2981807172391,-58.40632863373591,-57.36925739844831,-55.845298941030194
-59.596923184591255,-58.27023041162219,-57.36920536915933,-56.5321438534174,-53.94445565475854
-58.83393937575164,-57.56946163671997,-56.933847700720385,-55.437726187486874,-53.94445565475854
-61.88114395121358,-59.69620405189455,-58.105197555176375,-57.206569731356694,-55.456919041777425
-64.29660579912874,-61.32508903382671,-60.0558420518266,-59.04753203424226,-56.46705563538166
-64.29660579912874,-62.256466710789006,-61.19170603116313,-60.265012005985284,-58.62796127740869
-67.1909804082844,-64.53782092139039,-63.29454601781776,-61.64576821539176,-59.56984688661304
-71.43925106753203,-68.42476411272871,-66.84432149603464,-64.6531276566789,-62.760195606824375
-71.43925106753203,-68.58812843718331,-67.46671727322307,-66.29875587468831,-64.64675972671684
-73.63419284958687,-71.06673634545277,-68.69135883108433,-67.05713597193987,-64.98768264734615
-79.61915694044612,-76.59329616606261,-74.55199430516103,-71.10700366564552,-67.64731975469685
-79.61915694044612,-76.71258310145501,-75.12751873557389,-72.95287082516535,-70.86698496904833
-76.72442102947784,-72.8444136039448,-71.27142480597877,-69.38369585894148,-67.43017113933105
-71.64983817324448,-69.37030459178206,-68.52802424063587,-67.42557597850448,-66.08154385795766
-76.9531673633394,-73.63202776237412,-70.38983263502445,-67.71398101502635,-66.08154385795766
-81.04537982206665,-79.42157374747339,-76.28566616744553,-73.84606856617943,-69.87531653780442
-81.33201714117254,-80.16567214875263,-79.68526787990928,-78.96922869945129,-77.44830619509584
-81.2990714057536,-80.0456701572596,-79.38752576505698,-78.49081745629191,-77.44830619509584
-82.05923368621853,-79.47601237136895,-78.78999961222256,-77.75714836637601,-76.13560476600274
-79.72324525025134,-77.90547947588085,-76.98748155064459,-75.43891867553992,-73.09676224196802
-78.13659507212158,-75.16885734818769,-74.08046013600195,-73.30191655681385,-71.92122435320057
-77.91748009715052,-75.48107698430493,-73.89255877610739,-72.87999659347548,-71.39190987463705
-77.91748009715052,-74.95403752456217,-73.60831183610259,-72.7124679603316,-70.44041712701028
-82.56265248094788,-80.17344707473495,-77.1508993318091,-73.59466341644449,-70.44041712701028
-89.48104386317942,-87.08199689627013,-83.21926134443204,-80.41763331903101,-78.65449351692926
-96.18958439166421,-92.97285470982395,-89.48104386317942,-88.15895944226645,-83.38580557197103
-96.18958439166421,-92.90362134294858,-91.15945466790568,-89.8171733865988,-88.62753000157956
-93.97565922874179,-92.2541461184849,-91.09665617982373,-90.35503541321278,-89.26124334162486
-93.97565922874179,-91.61092748502278,-88.72995625791107,-86.84375450275249,-82.78958281012918
-92.16959850720745,-89.08636403711945,-88.05180166459299,-86.5745828960438,-82.78958281012918
-98.80922538765789,-95.14321060032998,-92.52313698367236,-88.75155665614474,-86.17697403710221
-100.91143961191237,-98.06275873699407,-96.91925456841732,-95.0565694531513,-91.68864471270446
-99.51289463136624,-97.79263569849095,-96.68352768605013,-95.7550692615231,-93.37735744389767
-99.10094386629298,-98.03077388139126,-96.74960972173419,-96.344343709362,-94.56558752187036
-110.75972866063799,-104.6892338470467,-101.25501068373529,-98.51876223619523,-95.11779756279356
-117.82452003888872,-111.70210258947725,-109.57043369419979,-105.77448715502746,-101.23877792828497
-119.93741622831884,-118.79927933746066,-116.97729668478934,-113.60594993129834,-109.03344320369756
-120.35158326622992,-118.57736319453342,-116.46104085252074,-111.70208892532284,-106.79786455906603
-116.88822550000931,-110.4378332977509,-106.79786455906603,-104.15976187598875,-101.86895049970393
-110.80731231626716,-108.90295782026894,-107.46345417670767,-104.15976187598875,-101.86895049970393
-110.80731231626716,-108.8459011296958,-107.51073033076614,-105.73753708636931,-101.65072505544705
-108.7825555691372,-106.78526126593506,-105.23715418891351,-103.93644823116712,-101.65072505544705
-108.17698920574948,-106.79017882956472,-105.65277375074996,-104.8243740901611,-102.41759664007098
-108.14649888814625,-105.62142255616789,-100.88352235026366,-98.96399531887705,-96.50077495279709
-101.9588343314342,-99.1516808629534,-96.99427771747645,-92.73713101475772,-90.39595670928004
-96.50220157032038,-94.6296516011536,-93.66015504388291,-92.25352296458186,-90.39595670928004
-96.50220157032038,-94.65556967979516,-93.51678872845712,-92.49778112087199,-91.03685305237838
-95.35731527577272,-93.583256649427,-92.42333500247406,-91.05693277760739,-88.34022999867378
-98.06463140359146,-95.56251132319997,-93.44179618524325,-91.15253728900659,-88.34022999867378
-99.79262741870055,-97.71837797861957,-95.73845605144048,-93.08755493058223,-88.64138703930936
-98.43049156253082,-93.58985184796383,-90.92913358416482,-89.57795642185447,-88.15592752359633
-98.48573741366087,-95.60119706247087,-91.29444151711434,-90.28745354932288,-88.32494735024513
-103.2043454621272,-100.79294962330461,-97.87340624375764,-95.4136246191385,-90.99620571993422
-103.2043454621272,-100.85939156009233,-99.44193906417627,-97.8557634954544,-94.68044195582166
-100.6665295671514,-97.83288162346525,-95.88622901183612,-94.55877017256529,-91.94834261951115
-99.37272347150927,-97.020911882615,-95.12782894211657,-94.35398158882177,-91.94834261951115
-99.37272347150927,-96.7186921250889,-93.83135684122189,-89.99800809944827,-87.09633784470918
-98.9994232659379,-97.14504037760997,-93.6838042481414,-89.91447186522021,-87.09633784470918
-98.9994232659379,-97.20207155000273,-94.56684802551025,-92.65388743785766,-90.6793106375522
-94.6512949835096,-93.33606766892848,-92.6596906119373,-91.7855944397852,-90.30514186165655
-94.93796932551467,-93.64276854928303,-93.07563861397412,-92.21828471359547,-91.15641080549167
-94.93796932551467,-93.14382549907187,-92.15794238496224,-91.43590659364631,-89.56158457746997
-96.22843817492569,-93.9276551077746,-92.30478433724265,-91.27403340088114,-88.02828941293667
-98.2634270512979,-96.79697772561592,-95.22921634171935,-94.25242977643882,-92.69121894840788
-98.2634270512979,-96.55010845835778,-94.41964579277769,-91.5196212463348,-88.38083575553964
-94.98840295063624,-93.81058776128141,-91.6062005924674,-90.34693354196025,-88.13336872126605
-95.15947146564488,-91.47463920388157,-85.44119638552331,-82.43786058552274,-78.20508034213006
-87.76630512889234,-85.71435010150279,-83.42163247818243,-80.81850495512741,-78.20508034213006
-87.76630512889234,-86.20757102258843,-85.63678966540314,-84.78826059747686,-82.45358430826228
-91.7002909852763,-89.8107049699958,-86.24376269807844,-85.34198524792018,-83.0393454281481
-91.7002909852763,-86.08574536669067,-84.7669775451698,-83.57754113597795,-79.35237208654546
-89.2374416972726,-87.4498957351794,-86.20188284673377,-85.16611053163122,-82.18310724630234
-89.2374416972726,-86.4677781158343,-83.96728603034708,-81.02774768536717,-75.90073949809974
-83.89258789946618,-80.39870375719093,-77.02134694335128,-72.64728143546921,-70.02883062381773
-76.29929138824527,-74.08117100927097,-73.06083238384366,-72.22850637465007,-70.02883062381773
-75.33442005017372,-73.49683433548931,-70.55602206015342,-66.37885503653811,-64.75666364870692
-69.03522983446534,-67.5508159189308,-66.50855872841001,-65.5793066245518,-64.42851551554625
-69.0162019652451,-66.48392468756673,-64.57710618652007,-63.178965358819575,-61.033085077383774
-68.26581057826512,-67.01537172997038,-64.72772193491079,-62.987590496183415,-61.033085077383774
-71.50262047838594,-68.3201977408501,-67.10967964951735,-65.65046539749916,-63.09696311285513
-69.07314152725966,-65.52735548501079,-63.69215655586025,-61.57451417532842,-59.93773770346628
-64.19599633404462,-60.90432101224761,-58.7340814759515,-54.3031439155785,-51.75010152640011
-58.967643838459544,-55.493048863991156,-54.3031439155785,-53.16126602533817,-51.24854569285062
-56.658894699933334,-54.67294597026992,-53.778653362305505,-52.363498710532284,-51.165165672685454
-58.75654940656852,-56.971211291333375,-54.541774562267534,-52.530570099151596,-51.165165672685454
-59.15714021104068,-56.745184673310405,-54.06943639186587,-53.03370923814708,-51.5236639011054
-53.896178030761384,-52.870414541593995,-50.46519081680958,-49.39271709968742,-46.24410242945358
-56.22513913634981,-50.97853398557416,-49.39703114431349,-48.2383684708078,-45.549299905261236
-58.308176509349764,-54.90835090990875,-52.95574921742782,-50.62707821206675,-47.80891472981436
-56.07072776529908,-53.188668147122925,-51.18952891421266,-50.07527333655957,-47.91731217449845
-58.18576194444221,-55.52329684016722,-53.33663413844383,-50.311215780240076,-47.91731217449845
-58.901376524595015,-56.88073708634191,-55.329122127690425,-54.07773272337372,-51.56265460548045
-56.12497319195966,-54.46630352550599,-52.91637391034154,-49.772627879563935,-47.1303854851855
-56.080109518681404,-53.317207023156605,-51.91035248627361,-50.58685941015847,-47.166147224824385
-55.524321120126295,-53.73205063909525,-52.82805000702017,-51.20038505354643,-47.233667778538496
-58.855401599931334,-55.63435604634326,-53.76068305018175,-49.13953174792003,-47.233667778538496
-64.59642849269197,-61.77428000480577,-58.81573475599227,-55.668931235418114,-51.49866777957119
-64.59642849269197,-62.95981057273552,-61.82944427204571,-60.16385944448129,-57.37110783086749
-63.06237791138532,-60.26230572365636,-58.2558106365569,-56.02524026422578,-52.97621773384518
-58.66535725326591,-55.551264929685914,-54.56868333192006,-52.914926112066475,-50.5585259134344
-55.43959294656148,-53.3597326538862,-52.06027832635344,-49.75458369319288,-47.13520444329387
-54.323609436267226,-51.196127185403235,-49.87369831932309,-48.25943722448329,-46.90757111776158
-51.30441381436183,-50.153862679242195,-48.57595071810664,-47.619732520806096,-46.21054536907269
-57.83021625788461,-55.57735432340293,-52.843405594913975,-48.95201419622687,-46.21054536907269
-63.89343571941847,-61.39762213902996,-58.39259993033439,-55.864837810327515,-53.314281704136555
-64.30342921613425,-62.77710966101606,-62.094873071413886,-60.96920189662366,-59.15811914113383
-62.71405590151322,-60.43923280576967,-59.030054928713014,-57.23260649937154,-54.63780354555336
-58.68037403546423,-57.244959619825266,-56.45914889897536,-54.75445398564628,-51.67114602819259
-58.3631140184694,-56.76210868375604,-55.70234823224718,-54.01678973452273,-50.58206462238859
-58.11439927267208,-55.0336386002805,-51.20390108614116,-49.66544582519654,-46.261214004444135
-50.96764495906435,-48.836263159484226,-46.48378376379373,-44.498528778781136,-42.429047969118926
-52.265587573155685,-49.612184701540656,-46.17289112450004,-44.45913740500126,-42.429047969118926
-52.265587573155685,-50.5373956685834,-49.6875055216161,-47.90724455732456,-46.410709100633895
-55.57740561793634,-52.53711962828383,-51.02522618953246,-50.08256129249414,-48.451062165994394
-55.57740561793634,-52.829132120796416,-51.642373508589934,-50.4708699979756,-46.80566190689738
-55.0217527071468,-52.53202275311649,-51.41972218581155,-50.15289900833691,-46.80566190689738
-58.24692123141755,-55.984963698118484,-54.473767527013464,-52.90126168191325,-49.61128088606578
-60.88843142881467,-58.13859636734603,-57.25053616367291,-55.855546655208755,-53.15834039929165
-60.88843142881467,-58.26021682152415,-57.32826924176554,-55.924683711386024,-54.21000728574588
-60.690677088461214,-58.18128283930267,-56.792780829450194,-55.20265323540968,-51.672522630281705
-65.15534556152146,-62.139044529988354,-60.02007506158107,-55.643816486021606,-51.672522630281705
-68.36823335675932,-65.73044937941746,-64.55492200663541,-62.62548699607854,-60.71177207520398
-68.36823335675932,-65.94013313070238,-64.98681569500724,-62.78916408248698,-60.48557457178741
-68.81282019715987,-67.28556542715316,-66.38393414836004,-62.62760391421956,-60.48557457178741
-78.14373406391982,-75.3164648036967,-72.35097066417292,-67.7110964672935,-66.08007595490452
-78.14373406391982,-75.81823649487447,-73.48076811282883,-68.12343204846947,-66.0597210872727
-73.08119742050403,-69.64154487142879,-68.09946689615865,-66.76868902930195,-65.40083215354248
-71.20401249395486,-69.90338527833055,-68.95483603462652,-66.57603725040875,-65.40083215354248
-74.40607519685528,-71.95233621153768,-70.65659062011711,-69.5466084331274,-67.34639646123082
-74.40607519685528,-71.51724852130548,-69.4453167420872,-67.3244367492714,-63.99041289707427
-68.54905055111333,-66.5831416494394,-64.87666588558602,-63.23577832549322,-59.91154420790682
-69.22212445682692,-66.06486483807964,-64.7745742702487,-63.35865405242294,-59.91154420790682
-69.22212445682692,-66.50699960323622,-65.25923539851114,-64.01486142086118,-61.837875025762386
-70.38936496981691,-69.02866425363547,-66.04396532909993,-64.02951263823253,-61.837875025762386
-70.38936496981691,-68.9778916789586,-67.44320507153685,-65.86211617328469,-63.28046281308765
-72.62631446805823,-70.77842525263041,-67.42058206153865,-65.76334185124992,-62.03884566123564
-72.72094824767282,-66.61740980428081,-63.13827620439167,-61.028987731559674,-58.99620833623644
-64.75327956416582,-63.64311453935744,-62.08976455907396,-60.80117316549261,-58.99620833623644
-64.75327956416582,-63.81364476070481,-62.679764633208435,-61.75070238381226,-59.59030960787033
-66.81390810033764,-65.61633454774777,-63.80961657428588,-62.466026854469035,-61.145909518637374
-66.75751762474603,-65.58881763114478,-63.887195416341015,-62.40469458955704,-56.46945216172208
-65.30784259026046,-62.29559380168817,-58.208285134050904,-56.60722930060117,-53.693310139423495
-58.095918658760546,-55.89527814476163,-52.65070613895617,-52.0172974771713,-50.40456821296907
-53.01451371335468,-51.87134768953405,-49.81459579296581,-47.470201070580345,-45.3690797394357
-48.532985549016466,-47.44220156018912,-46.577112650405546,-45.321140479426845,-43.80754524702196
-51.71604281655374,-49.8169277297641,-48.802023889230014,-45.783940082513695,-43.80754524702196
-53.88930222362311,-52.649683304896065,-51.913348662168154,-50.44941673453191,-48.403085314061094
-55.68705262271753,-54.140572173242134,-53.32474241885609,-52.429712674639845,-50.29563263410858
-56.811678092059275,-54.54218839341236,-53.780285193406435,-51.59683947541849,-49.86125602740373
-63.79707402737846,-58.989819882987085,-54.509369750087714,-52.43008614200357,-50.70793644248278
-63.79707402737846,-61.5862001742138,-59.156812311958056,-57.22862326135445,-52.38591737101765
-60.289490036002796,-57.54783394313179,-56.030287294438764,-54.14114464903516,-50.403234363370295
-57.07880118789403,-54.60339285901064,-53.8058866036433,-51.201079437663566,-48.283309678854366
-54.831494761361995,-52.409594414568524,-51.26832394774232,-49.42716873215564,-47.20072050110764
-52.51173449165988,-49.29795277180581,-47.59246166005841,-45.124952420028706,-42.706539030391234
-53.695327155175335,-51.85897770764038,-50.03758868050428,-46.05971482908503,-42.706539030391234
-53.695327155175335,-50.92734299151475,-49.69603311072035,-47.455160720904686,-43.411422048963985
-51.313233979447894,-48.31025494195893,-46.77343350999435,-45.5053631539677,-43.411422048963985
-51.76963970463304,-50.356733982494774,-49.515508565384486,-48.313720296880625,-45.31670357009445
-56.53961738225447,-53.77025896255518,-51.36514578420799,-50.07992987269125,-47.88885878042388
-60.8614494646765,-57.49088249093524,-55.615823068755546,-54.03038529159977,-51.30022802474153
-62.533511485881,-60.44895276905007,-58.56422703525418,-56.73967003424552,-55.08186873675777
-62.65611431075698,-59.351720332447584,-56.225171975333495,-52.82387440273631,-49.06180282961522
-55.61846254384439,-53.85202225072347,-52.87419307521975,-51.34243430341675,-49.06180282961522
-53.85202225072347,-51.96590197970498,-50.3102737302994,-46.30094870132091,-44.799023096042546
-48.22509239589891,-46.981402008824496,-46.21004116317287,-45.72236106413538,-44.2364547317568
-51.47260791282454,-49.70609478445582,-47.349851482785404,-46.14392875655942,-45.187992468225
-52.17628844296926,-51.13861580196257,-50.21123469423222,-49.45641217068941,-48.12453288606129
-60.09611196982822,-57.595208717628935,-54.080270152776095,-50.48295946180646,-48.12453288606129
-61.93068030935218,-58.70800088836624,-57.34537623384736,-54.24587149291861,-51.680663196577974
-61.93068030935218,-58.04150350596154,-56.63185536122457,-53.876816650097474,-51.73801325008569
-58.57993245343355,-55.72974408522515,-53.16628020313894,-51.200440963220785,-48.3340601310696
-60.02830400214073,-57.202317562209586,-55.27083264842475,-53.44871735591269,-48.3340601310696
-60.02830400214073,-58.28527491278224,-56.410411631524426,-53.94798368828409,-50.100435909297765
-59.988617467903985,-54.46264503679339,-53.01224315170227,-50.9279539029801,-48.32784613311199
-55.377189990324766,-53.78712573558893,-52.355681669519264,-51.10770041760634,-48.84421684580957
-56.1856975222048,-54.38030915251231,-52.22877710670755,-51.311400447825264,-48.52867722806438
-56.1856975222048,-53.51275059610704,-51.41716515108591,-50.18284488513593,-48.57967253039105
-55.03528553221386,-53.117830306584715,-50.7866157788941,-50.054125673553,-48.57967253039105
-59.552129875830786,-56.70668944087201,-55.39633759967256,-53.63103765455711,-50.65989985598412
-58.40961107765197,-55.7479597566078,-53.57337967023729,-52.1668787257342,-50.96539490202839
-54.34308501808044,-52.149302018950245,-51.24717359351721,-49.615741541496,-45.86684099152864
-51.744613166503036,-48.45688986191797,-46.49219446317744,-43.905670926740186,-40.50617823703265
-46.273456568163816,-43.46754126964761,-40.722915703752506,-38.42870885075858,-36.97561520141218
-41.15038829411744,-38.726152722177595,-37.86632379722436,-36.85085451329826,-34.76116832211438
-39.07442642235473,-35.83060558953177,-33.10560031378661,-31.647048954541454,-28.761149595077953
-34.466665346415404,-32.50003114820776,-31.493531126448232,-30.574670954454763,-28.761149595077953
-41.74719486997174,-39.747701260012796,-36.255557286618156,-33.27590059672525,-30.193787933624222
-41.74719486997174,-40.29666457068841,-39.246391438636095,-38.561111654051174,-35.80921852927718
-42.214318236748426,-39.934443584697135,-38.87883612981281,-37.78337174746065,-35.80921852927718
-44.20325911484672,-41.990258954372216,-41.16748060545852,-40.03456151704537,-38.5367253408766
-49.49819002489279,-47.32799675292815,-44.863076136634575,-42.60168033678016,-40.85558178474089
-49.49819002489279,-47.38207326721232,-42.93592775883964,-41.75790345912281,-39.784575944952856
-44.95751412814731,-43.644784820317795,-42.16527206826055,-40.97336007589164,-38.7092462669924
-44.95751412814731,-43.02427500368393,-41.464867812992665,-40.13849501850637,-37.82156459113034
-42.57541024790711,-41.64374704921458,-40.352959310308,-39.57189189137668,-37.82156459113034
-42.57541024790711,-41.546310948557796,-38.64969935655075,-36.61827130602343,-34.707490839456874
-42.89504257923593,-40.85582378845549,-38.633555948691054,-36.716707001670876,-34.707490839456874
-44.44759785777475,-42.600978126363415,-41.93597223809748,-40.937097484776885,-39.57115010590173
-44.44759785777475,-42.49975839359215,-41.83803088285677,-40.73012661150581,-39.16069413122718
-43.775673232184424,-42.0949429507414,-40.267613785122265,-38.30524425702019,-36.292870449130334
-45.06354362320682,-42.44746328644844,-39.23387893181564,-38.109014068844395,-36.292870449130334
-48.64468358420589,-46.14137780627415,-44.519636781607936,-42.88718347277297,-39.398178952272794
-49.581341422729224,-47.34040114186149,-46.30418608483811,-45.01809119639683,-42.9750313575608
-52.32632386810508,-49.87803572703145,-47.98123308711967,-46.36184731155359,-44.35072245961624
-52.32632386810508,-50.9831664812415,-49.94039684497088,-49.09628387276473,-45.318218495610374
-51.2472757430779,-49.85462976463126,-49.01087007436318,-46.37042463183862,-43.39140278875337
-54.923173408751225,-52.755497403507654,-50.98857274626543,-49.244776262284034,-46.557393016821514
-59.264997533458775,-55.31146407260057,-53.89699423896549,-52.70373735233562,-50.51371213998618
-63.863779293043514,-61.576229299988434,-58.5889964239057,-55.09320184717708,-52.379090646281185
-62.479867470347195,-58.35103730749277,-53.87051795618293,-49.64005340470409,-46.5963319207095
-57.02474914828403,-55.73782698359637,-53.199549948856365,-49.14373785835977,-46.5963319207095
-57.02474914828403,-55.89404629139625,-54.52008859866986,-53.409929138785415,-51.805528483944485
-55.00985341047721,-53.590267935762924,-52.92267783624438,-51.67605657688243,-48.63299439086692
-53.882279809066944,-51.32685977609791,-48.13775706571393,-45.98686137228397,-44.127535598416436
-52.454618487175644,-48.49920005507748,-46.20077584106411,-44.72546818323009,-43.20503578955789
-58.065704212076746,-55.81844773838419,-53.69486737841036,-48.93763559730476,-43.63334622031047
-64.10067448253136,-61.57494245217592,-58.52943457344547,-57.09161781363059,-54.16250881752417
-71.796913071736,-68.63318183425251,-64.66891085403296,-61.97918249136255,-59.107133877376626
-73.70152658806877,-71.45238233049503,-70.77956076344988,-68.71559019010513,-66.9862764913186
-73.70152658806877,-71.44316437648627,-70.80967943370585,-68.35635533097211,-67.05816003657142
-75.2496650363027,-72.69498945289656,-71.539839345453,-69.59814931871686,-67.5241487065172
-73.27982346424302,-71.23539706261968,-68.04259189713189,-62.716110677961396,-60.18850761968405
-68.9324346882251,-64.6789496033596,-63.197702353406214,-61.78089186003529,-60.18850761968405
-65.02039789804527,-63.46426209865575,-62.701727741716056,-62.18018498753918,-60.9818492227159
-66.69127465142554,-64.06376552936405,-62.55672931867698,-62.072630785345,-60.9818492227159
-68.16853133038852,-66.0836600553271,-64.32873356783473,-63.13603366054712,-61.531436863915445
-68.16853133038852,-66.92560858273976,-66.0431172839366,-64.66320100245105,-62.052750741459775
-70.27609596515336,-67.58023169376233,-66.5101600589073,-65.5368721997306,-63.98338242564293
-70.27609596515336,-68.10472277767255,-67.3892090282672,-66.72813227035847,-64.72949227404214
-71.46311912446352,-69.43809974262552,-67.52484772389873,-66.45200553951123,-64.64020156652488
-69.68286965629605,-67.96125500311571,-67.01451482223993,-65.77741702491547,-64.70395083940667
-73.38326082092074,-71.21544281917102,-69.0328436958157,-67.72650650930123,-65.0428489380439
-77.46163330592734,-74.81478528204798,-72.34415745189067,-70.96804081024874,-68.28876465093023
-77.46163330592734,-76.13494157262565,-74.35496532437874,-72.84373021170458,-70.14110770492877
-80.12809143168889,-75.28651872655556,-74.31393428637116,-73.16351925376415,-70.2542122084069
-80.12809143168889,-77.53245774568508,-74.89761749098824,-74.09277487278854,-70.92224214057062
-75.67221384170703,-74.14345595442119,-70.74455257055274,-69.63279039176973,-66.83052073437209
-79.04195410517445,-76.07669885522476,-72.08299115506024,-69.9095249170798,-66.83052073437209
-79.04195410517445,-76.75373955402993,-73.88087246773834,-70.60636701531791,-66.98964938614591
-75.4524545969429,-70.91081028604023,-68.01812728116916,-67.19681647992678,-63.70588570179544
-76.67783374230905,-75.07228212877523,-70.90853939469126,-67.25512407786793,-63.70588570179544
-79.07553490976848,-75.97523284754355,-75.24712578130763,-74.22771505057871,-73.10350757243505
-81.96221059530203,-79.93484989771703,-77.62454370756242,-74.87713363645062,-71.73577121343384
-80.7639317520941,-77.53703034371043,-71.14210277344719,-69.81120694164522,-68.55123159291287
-72.40221685062063,-70.2078602773679,-69.04560609112316,-67.01029373862337,-65.52988530053416
-77.41038128899072,-75.4865279137909,-72.3117825541458,-67.79421956946179,-65.52988530053416
-77.41038128899072,-75.81200061667575,-73.42944342918324,-70.55775298901143,-68.76786798947764
-72.8284628015916,-70.90865648111482,-70.06666330471356,-69.06829420441655,-66.05571861396719
-72.80206010983349,-71.08433988367645,-70.22441674352994,-69.17608349553115,-66.73343470988505
-72.06822590862988,-70.22645941099239,-68.91871384222485,-68.0663448138295,-66.21130971908146
-71.19613975267195,-68.80140805499688,-67.24463767051853,-65.87403297775269,-63.45118870660953
-67.58495492403591,-65.11915868532756,-63.144918192870094,-61.195453695473645,-54.63105615521636
-64.37788583454456,-62.123610082501585,-60.388552926363175,-56.27314487200888,-53.19824720136771
-65.10636519475946,-63.35759927951352,-62.415719633714914,-61.271170796215685,-56.95584851372491
-73.0778325726876,-69.64656451443307,-64.8318278522619,-62.79312683728324,-60.31982542024692
-79.52907677249418,-77.34249472128451,-72.3689326182946,-70.34671844010984,-64.86513077105117
-82.71380349736395,-80.78755664908293,-79.65272361421336,-78.10539731256596,-75.84509839850334
-83.65825319424724,-81.8611121248014,-80.67349483340082,-79.77305879959991,-76.46339274448277
-81.22690683634916,-80.13764579917711,-79.42659893597795,-77.33657442743936,-74.52160892445129
-80.36044408942834,-76.97111553829012,-75.63797609011495,-74.25254217274724,-72.23408050310252
-77.20505362424761,-76.32383984034873,-75.60146857075532,-73.85550836010097,-70.38813956221409
-77.55915373745408,-74.63949394602696,-70.52470219160293,-68.66360241913466,-64.82651297070812
-71.99950703399188,-70.00602041297854,-69.10813909702935,-67.62900412973514,-64.82651297070812
-81.57588307775495,-77.50923396839559,-70.38674103952806,-68.8380745665574,-64.99109759985085
-86.4774200199553,-82.83246194377905,-81.04010281074808,-78.13151848512958,-71.69650099773031
-84.06106564794693,-81.98866441202587,-80.88081445484485,-79.73876588344807,-77.99414859720221
-82.9301248413794,-81.48976535859859,-79.89986412490117,-78.93461877371598,-77.127937214179
-82.9301248413794,-80.79429412805123,-78.86127822884086,-77.8093591182575,-76.18941033985672
-81.40403955066995,-80.05841325129079,-78.87645307645931,-77.65342070017917,-76.18941033985672
-85.46154602660157,-82.38914778504703,-80.95701730190825,-79.92808274593722,-77.65009599772932
-89.38660300662107,-88.07230517117931,-87.01010205298918,-82.07843481880055,-79.26284823833348
-91.0278809436801,-89.01978565459085,-88.209799614077,-87.44595559028862,-85.19416624822195
-90.43002374174773,-88.67545714882544,-87.09864932069544,-86.27527395859954,-85.19416624822195
-96.4308768357794,-92.99553015722793,-89.99597416646944,-87.07360395799071,-85.04533228873193
-97.71177531918609,-96.24775132068788,-94.6354249338672,-93.09238571209531,-90.00343785905262
-97.71177531918609,-95.14248840563457,-92.39279209651399,-90.32795303845022,-89.18023189674153
-93.48834845965773,-91.09733318274043,-89.57587073912995,-88.08724715859199,-85.58966238301282
-91.41039924708272,-89.79627904578793,-88.67661155143168,-86.6368975772042,-85.13633291897997
-91.41039924708272,-89.60840831436016,-88.07224779214155,-87.10557235939324,-81.95531436635102
-88.73505178114866,-86.89133656920669,-81.31742121147873,-78.85614582208945,-76.51620303975604
-82.02990683392525,-80.1747477286271,-78.19067202087658,-76.74382285435888,-73.3562856281654
-79.63464910120115,-77.16947854358204,-75.23125803791858,-72.41039478215383,-70.10867325491887
-77.20590486952477,-75.4109271951726,-73.72321172663133,-72.39712646231321,-70.4269690051766
-74.29968036272989,-72.37617231194797,-70.19046953794853,-68.56538145698505,-66.71654235271761
-70.04502612703902,-68.32706799766275,-66.63084327234773,-64.62392210206761,-62.66135126482788
-71.33793235465494,-69.27076822422032,-68.12059393725485,-65.23542934456711,-62.66135126482788
-71.33793235465494,-70.06486101932778,-69.35971981572074,-68.79721648512317,-67.0105252237321
-70.4504387371571,-68.52888381651618,-66.41734768954693,-61.346833087749914,-58.640868440319466
-65.34704183101343,-60.01836429475987,-57.4270146634528,-55.71477567018986,-53.375697718565355
-57.80027777692602,-56.02932144973187,-54.32812238595847,-51.49005235966364,-46.52766245190029
-56.68012357884592,-51.390194647468704,-48.712759967574286,-46.72635290879148,-45.38820538437646
-50.622185289258454,-48.12545643168424,-47.10846698388281,-46.079494220714246,-44.414773235428065
-54.25798671803861,-52.22341396657911,-49.47638791658794,-46.93686615241249,-44.41998797524421
-58.59465282245741,-55.912653135076866,-53.10293506592471,-51.87188638556775,-50.14859211392656
-58.59465282245741,-56.48485832266648,-54.28138108483562,-52.900370773834304,-49.855904981399306
-59.083791241092236,-55.41361586658999,-54.865082788464264,-53.54565197844225,-51.956642659159286
-59.54582523700227,-58.42094840506124,-56.972741689807265,-54.767020554305915,-52.47480143553795
-59.74737280102247,-57.26525327312768,-52.62003985761516,-49.74431902449559,-45.32653640372077
-55.991991658519744,-53.65053585718877,-50.765180671916426,-48.83091658487351,-45.32653640372077
-58.57703140598236,-55.386527778969516,-53.585066976087916,-52.14608552250135,-50.47471485102098
-58.57703140598236,-56.07489224059918,-54.58685756715471,-52.06241793726329,-49.98900843794281
-57.41349382059812,-55.554480440221255,-54.20958498625415,-52.02148665066167,-49.98900843794281
-60.090940064490525,-56.39269016348822,-55.32103491693865,-54.15544458135277,-52.73148272502551
-63.518053070581864,-61.61432253168833,-59.862734248455595,-57.4684200807146,-54.00994997497815
-66.0186815550173,-63.84884691958996,-62.5755735293963,-61.630542262503695,-60.58862920479085
-66.32420059824128,-64.91314765305567,-64.04790677874371,-63.27879155571767,-61.61132721746557
-68.75099624369663,-66.72364830838855,-64.98414027182483,-63.31369342016023,-61.58235976459281
-77.5566641908514,-74.25995242425552,-69.36136326445713,-67.19255710045148,-61.638628228605036
-77.83045694294444,-75.97292841503673,-74.67040402614072,-73.83736588932393,-72.73721286954341
-82.37138747404326,-78.96889206077007,-76.44968318822355,-74.18409479749371,-72.73721286954341
-83.91295524435654,-82.23233860604768,-81.47031892001112,-79.38914896942009,-76.13504410549348
-83.91295524435654,-82.18261193363435,-80.99968583427088,-79.43014110778421,-77.04470934180955
-81.31645589168768,-79.29879997097197,-75.93561539712339,-72.30534325547879,-65.40090708328641
-75.12130481743483,-70.67358924439482,-67.29631508907254,-65.6153643659852,-63.376773204166405
-69.50701043702792,-68.25876172129034,-67.48502864076266,-65.9406023938457,-63.376773204166405
-73.41827970956501,-72.1615399966661,-70.51547646287669,-68.33398382232244,-66.42223272430371
-81.9591546736513,-78.02381481485918,-75.67046407348755,-72.66969776388768,-71.23611690345463
-88.00584727863078,-85.55781856799547,-82.22147133183296,-79.10309635015993,-75.94098368994301
-88.56794242694038,-86.79243444583894,-86.17978601303446,-85.28848439383887,-83.76587441782068
-89.81925732146053,-88.0312337990942,-87.3244215465942,-86.73109038886548,-85.33202787724076
-89.81925732146053,-87.41019655915021,-86.60129951836726,-85.44549835306779,-83.60498066142853
-87.28413472550338,-85.35593166125533,-82.37183120488251,-80.6846856905869,-78.70509258641135
-83.32925695902136,-81.5703641380048,-80.68115908208183,-79.71657918454926,-77.6988914923736
-85.82790335514323,-83.22413281389763,-82.2406747540636,-81.3189462189242,-78.76738866774603
-85.82790335514323,-82.63152948628507,-80.57884148525875,-79.52570408020223,-76.53739872887253
-87.3446407248657,-85.01918995784277,-80.55822407831553,-79.16268373637926,-75.97919066594797
-95.97304387541769,-90.30022191758216,-88.05412942520306,-85.69101579803194,-80.5907927853469
-95.97304387541769,-90.93048340745977,-88.64370248438586,-87.09737455472143,-85.53558693857765
-88.95445915631707,-87.55577103734024,-86.86827347311593,-86.2721548343687,-84.42051101386274
-89.51202056562579,-86.92172957411454,-84.52141389721386,-82.64897424278566,-79.07102400726114
-84.53132630233216,-82.90743992045581,-82.35201721782354,-81.38101372809784,-78.7383412735916
-85.41338346301215,-83.56828383826925,-82.84780331152422,-82.18021618132578,-80.65260203747462
-85.89589028715893,-83.65997782144075,-82.34555673877912,-81.3285661771162,-80.06500093603832
-93.8241587073245,-87.86731026723302,-86.7186349591238,-82.18599405432333,-80.06500093603832
-95.05284229134443,-93.08054151412746,-92.15829911347294,-88.65125497362106,-85.10856186738991
-95.05284229134443,-92.46038248837576,-90.14911354390443,-88.55382363876768,-85.81251392848222
-95.2005898692695,-90.24950103312433,-89.14642488171117,-88.21717013468935,-86.34824615160446
-95.65761531426439,-94.36412340244597,-93.6866766989692,-90.31887682705599,-88.22042856583559
-100.82521866238197,-95.93086750404352,-94.66834960370767,-94.06080626936395,-91.89682917540598
-100.82521866238197,-97.72225921756241,-95.93712887743087,-94.75930988867194,-93.37468536753703
-98.37263111489095,-96.22246957901297,-95.38647512808896,-94.47036719923008,-93.37468536753703
-96.95107189869546,-95.41941273833305,-94.25262842956352,-90.03564647115451,-87.93579049365141
-92.6019388988939,-90.55981801643674,-89.10591954913882,-87.93579049365141,-85.53026698770486
-93.89993637133769,-91.95761261288206,-90.80022522492378,-89.38731692313026,-85.47351487144772
-97.50440266315839,-95.30170810604648,-93.57427780728932,-91.27173802489521,-89.5953434752821
-102.98765314168668,-100.85505864633214,-98.65334618612057,-95.60639054633187,-92.87780964319737
-102.98765314168668,-101.48047076852396,-100.56168994561504,-99.329146912857,-97.7089344372077
-101.81352878348716,-100.31504847170045,-99.20597291745901,-98.13230549697666,-96.04254466451617
-103.74312413732954,-101.33840600858652,-99.51626398931472,-97.86397562955248,-95.46682948874486
-101.97015761919651,-98.61413955965153,-97.53890690867193,-96.6061700514575,-94.79060765798451
-100.28597072861331,-97.6897195197573,-96.91694891893775,-95.93302262546929,-94.18000840683406
-98.80698312009432,-96.53655339593149,-94.25838778279532,-92.86532412752258,-90.09399884570792
-101.29181325277553,-99.11723238630825,-96.16448021748172,-92.89447720973943,-90.09399884570792
-101.29181325277553,-99.5476224880071,-98.85707077332941,-97.25008617194649,-95.01193480120196
-99.7953525221319,-97.27514620720831,-95.43052282976898,-91.30832991649544,-89.06399261844918
-96.36251148870744,-94.36329258418363,-93.06295011361452,-91.01604885706226,-89.06399261844918
-98.74339616911594,-96.62957671218135,-95.41463795085699,-93.92903724771378,-92.2881877606563
-99.23219594969929,-97.61819791198624,-96.7950524608377,-96.28895756339038,-94.21106253536642
-99.23219594969929,-97.49730223008628,-96.75030758715138,-95.70920445994136,-93.2457359428925
-99.06839445903118,-96.90597812442078,-95.40392599996541,-94.04881682347506,-92.26263193151902
-104.69216101184699,-100.0369399311145,-97.96948779381547,-96.15328686003471,-91.96000714344994
-103.20741406518026,-99.20447165698187,-98.46687725171682,-97.81266646733647,-96.95626597726961
-101.37541674614644,-99.03904549081383,-98.31704906539889,-97.28322269467137,-95.05535306029158
-104.79874794471738,-100.87550848341519,-99.96134965333334,-98.80683332994971,-96.0975588222144
-104.90511642861854,-103.02840847149196,-102.2392030744761,-100.61253556752419,-98.77907619655615
-104.2330077526704,-102.63184149615684,-102.13763137071454,-101.41410442631121,-99.24748179482444
-103.81122443573578,-102.2664640418685,-101.55105458378083,-100.48595436002458,-98.76042645532253
-105.7575817520021,-103.52844107535601,-102.29829665328222,-100.77431794506889,-98.76042645532253
-106.9057900006387,-104.15168484865863,-102.00382394811126,-100.09915497373862,-97.81628236696073
-106.97095967972358,-105.22258762364783,-104.38560846640036,-101.44791604811226,-98.91820481671515
-106.12831499478949,-104.38294695446481,-103.32316709620679,-100.27583603145203,-97.06992074319113
-104.10526538123005,-100.53135840685492,-97.37168359305666,-94.9288452771149,-93.38099627335859
-98.56883952108963,-96.60759221450138,-95.55692535133619,-94.48805535944868,-93.38099627335859
-102.25881765735826,-98.10034103103621,-97.1767790345655,-96.21559821233622,-93.60598545148822
-106.31825576162915,-104.29156372477279,-101.70090408133966,-97.36785507668563,-94.98088423766313
-107.07310550716255,-105.0214870562138,-104.15584266581331,-102.72614123640534,-99.14850715865099
-106.06011226480022,-104.22926062021958,-102.85519606736537,-100.99267057562555,-98.5533548181067
-107.30357304715568,-103.60145801170866,-102.40690345644259,-100.6950977422193,-98.5533548181067
-109.29682864240189,-106.90473329946806,-105.8640063738144,-104.02920733776976,-101.90428634568957
-107.73528452088031,-106.06179986494467,-104.25590925574375,-102.27160805642157,-100.2350625705086
-113.0515195963359,-109.77810270705525,-107.54217219448115,-104.19772192621147,-101.68543647715926
-114.23199608089708,-111.98751850154518,-110.68340798870622,-109.57618011589996,-107.87101393881912
-114.23199608089708,-111.77573999857258,-110.7739880128846,-109.41039796578937,-107.14041650689049
-114.24646839655006,-111.78796165982604,-111.25979200088342,-110.77069149370557,-107.12818559759599
-114.24646839655006,-112.36738132932652,-111.25533209099154,-110.03728453347559,-107.12818559759599
-115.1515425691834,-112.96377482086778,-111.84004355774574,-108.48231015604034,-105.41944315872367
-112.79729988249314,-109.12219100514604,-107.57073727688268,-106.8421135478526,-105.13434687813248
-121.66524213577823,-116.05864988668246,-111.6613142029283,-107.22178050988035,-105.13434687813248
-125.24397521303425,-122.30854787449982,-120.62998552569942,-115.70018614678969,-111.43004606447425
-138.45124172307797,-131.43851360883608,-126.47293886950989,-122.49060290363792,-119.95104583636335
-140.6459190294241,-138.68137670259753,-137.18082382691372,-133.39129531903723,-127.396135970388
-140.6459190294241,-137.95369844264476,-135.9968670485996,-133.12938638563935,-131.0985197983444
-138.00443451395304,-135.2004229813075,-132.67158258366965,-131.39507818676663,-127.51996510701275
-134.44890457493403,-131.96852962003774,-130.33681546592663,-128.50101004197387,-126.61604032340948
-131.983630757554,-130.61205988299724,-129.68043172276617,-128.98409499250036,-127.77726007704686
-135.54467406224907,-133.00658164206777,-131.55472159446194,-130.08694516665904,-128.2684437028107
-137.63652406278678,-135.4067982286018,-133.27492007626915,-132.20483080155196,-129.95884258681494
-137.63652406278678,-136.42121905078693,-135.47369663805188,-134.4450855992151,-132.70022749072885
-140.3607302919356,-136.74827398455216,-134.7417239481693,-132.15015637582735,-129.29581190772308
-139.8204431027876,-135.33244391625175,-133.70408316139893,-131.90544606740926,-129.29581190772308
-139.8204431027876,-134.91225279928167,-132.31327223731486,-127.91550607468264,-121.3271060901487
-131.04097788239926,-127.02294421801088,-122.47439847028386,-119.59637644228452,-115.26573339222328
-122.55087150488977,-120.38196097727824,-118.7073315219356,-117.67345945118785,-115.26573339222328
-121.40342725275515,-119.36802021295696,-118.50237612255832,-117.59107646019497,-115.00133030845149
-120.31681819474991,-118.85638073958711,-117.68424081553763,-115.95176402136548,-113.07802568564702
-120.15669524234765,-118.07403086915676,-114.29097907589248,-110.80466862226424,-108.41578903065904
-112.25039667249708,-111.08720462725422,-110.14276709807149,-109.05288475422483,-107.1717627688927
-112.68984066930662,-111.65370223889741,-110.42141234564146,-109.44850824317288,-107.1717627688927
-111.99841529134076,-110.16655604220855,-108.01035800786467,-106.77861719068407,-104.43549068830742
-112.6571704281901,-109.13149608256568,-107.70083278124181,-107.05935415152547,-104.43549068830742
-112.6571704281901,-109.45358084275595,-108.18951489256087,-106.98402010804271,-103.79957709441956
-108.51630990107213,-106.06713461708678,-102.79813080443475,-99.95093592914947,-96.36699442210673
-103.56369876550256,-101.26633923807405,-99.99025587213063,-97.99219718763199,-96.36699442210673
-102.92478084684778,-99.91703987103656,-96.59217134155392,-95.15448741841615,-91.92038260520646
-96.96391029008221,-95.32986508085284,-94.28441714067495,-92.78593314471387,-90.96249862734105
-96.47357190845325,-94.52311763503495,-93.784807449958,-91.9830177428884,-90.96249862734105
-97.45735524567236,-95.11806691621192,-94.65278324992315,-94.25656017744852,-92.49262582659964
-97.45735524567236,-95.3845770348939,-94.80792913590888,-93.73550035542733,-90.95532708796452
-97.3019757838679,-95.37207434440865,-93.93653053331784,-93.20282566283008,-91.40541187098638
-102.31494721300787,-97.41961726608467,-96.06664168793566,-93.38916613398493,-91.66117320736778
-107.61968064056528,-104.77422979136225,-101.33450204351682,-98.28866171425584,-95.7532458013862
-107.61968064056528,-104.85788646262148,-102.14931320483326,-99.84630741819149,-96.94936927430363
-102.92842116680845,-100.86878586446083,-99.79321083438144,-98.33093494906598,-96.94936927430363
-103.71333930321335,-101.20463627283658,-99.8088207188292,-98.42406367634726,-96.73077064225429
-107.76677544265941,-105.95190382435675,-103.88112952867195,-99.8104010310503,-96.73077064225429
-107.76677544265941,-106.06055434135199,-104.64651624802691,-101.06688732024708,-98.71447166172327
-102.41970435511396,-101.20579674167615,-100.15345973893776,-98.9922558158056,-96.60113088901733
-102.76134449436316,-101.07618777380085,-99.98864822753107,-98.11644568762506,-96.60113088901733
-103.65200405141852,-101.09069474279629,-100.42520372781142,-99.80112076789209,-98.2882803682801
-107.66045588431096,-105.83699699739725,-104.56099231499765,-101.20050968158941,-98.2882803682801
-107.5901061977705,-105.55823071819644,-104.02532522825061,-97.18848835875932,-94.62213895014324
-103.68652624341901,-97.64673406407721,-95.44495624871294,-94.02410979187536,-91.65197975716204
-95.9922581360844,-94.8141775114025,-93.91416266122336,-92.72961131861379,-90.87281578297244
-95.6374651330861,-93.8484595384617,-92.80117560452278,-92.14638839515654,-90.44582470206345
-98.86488608882071,-97.12197738620537,-95.67466374978804,-93.01915332546184,-91.57882188171698
-98.86488608882071,-97.1459542587403,-95.74694040035055,-94.43639728955088,-92.65883144631817
-97.41577648967423,-95.67558888217988,-94.8051141170947,-94.03260952419137,-92.65883144631817
-98.97576480117257,-97.59219326040869,-96.51137973322155,-95.29572222811836,-93.22025715668941
-100.71353342982064,-99.29652114180661,-97.21231847554604,-96.24448498048761,-94.31840182189859
-100.232299755665,-96.70590656261902,-95.70502595182195,-91.9201381527558,-88.98197818777037
-95.40125462419851,-93.1492209712246,-91.58739479824908,-90.65602391579063,-88.98197818777037
-95.09145115248144,-92.06119816482901,-90.70773907369761,-89.8271696625952,-87.82942693947184
-98.89184256446448,-96.55911310374418,-94.6186512248562,-91.3406043754054,-88.39666464196189
-99.91135203448489,-98.5652011112238,-97.52752847321054,-96.50366980856923,-93.40750699680538
-103.05405233128452,-101.16996540293916,-99.52877211832653,-98.14779362039164,-95.93317967301398
-102.90018860146812,-100.33074165954976,-97.53419749650213,-96.32435015495179,-95.2335345066363
-99.23588653170647,-97.57477585201033,-96.92007968882328,-96.11290291968548,-95.2335345066363
-99.23588653170647,-97.48439460923848,-96.72270073668071,-95.57116583497353,-94.20370104413185
-100.04739973402066,-98.1847393443076,-96.57003683834071,-95.5336597452333,-94.20370104413185
-102.01175520469643,-99.42460082813835,-98.54211080387319,-97.84973579793026,-95.99884476067687
-102.01175520469643,-98.9293362475951,-97.87715748679439,-96.17484056770147,-88.89358594838137
-99.19587027696886,-96.26056544422421,-91.73953813835612,-90.44887250717984,-88.89358594838137
-93.30669190592481,-90.87652420981816,-84.26050673885898,-82.19824971074439,-73.27530752097194
-84.67921247589314,-81.04469764606709,-76.6758945830222,-74.2358795738374,-71.30202155614998
-82.40639660196902,-80.18572024284416,-78.94374533530453,-76.31799160950456,-71.30202155614998
-82.40639660196902,-80.18572024284416,-78.78299576905285,-77.2015218992315,-75.45050360380415
-81.13890233030011,-78.1668333623613,-77.00100873265879,-76.23240744995465,-74.37865256003046
-81.13890233030011,-79.25253628513568,-77.7364330806917,-76.8079396144251,-75.22206420875844
-81.02299943653976,-78.2967245668827,-77.07520845716498,-75.91376311310596,-73.78390993077568
-79.30067337918301,-76.91314991103053,-75.67879724594661,-73.86424188398335,-71.77852853283366
-77.58434899643711,-74.94429983464903,-72.52198716519824,-71.10270397237163,-69.04059964232813
-77.58434899643711,-74.96288298906566,-73.00280208053015,-71.77746894392212,-69.09282770141728
-74.96938142268132,-72.47521993678279,-70.96638468538318,-67.76706236735112,-65.11540946408022
-76.86382415507555,-72.28538339268718,-70.48853212505408,-67.68478774621423,-65.11540946408022
-78.08823863334645,-75.94355967518487,-73.8939953364225,-72.74062103954321,-70.52613808548021
-83.03348770190738,-79.37757504182225,-77.649022808438,-74.5972561909115,-72.3734708021338
-87.32596569921648,-84.34529525243283,-82.40146321011606,-79.83710292354534,-76.28642466979447
-90.39677527886019,-88.07743190515266,-86.36193937982056,-83.5458430775754,-81.45156749922032
-92.08700301153465,-89.92270743769262,-88.80842946704061,-87.73676808497537,-85.89671474940305
-96.48921692381066,-94.81765041532992,-92.08700301153465,-90.0471101846228,-87.49204732940582
-96.48921692381066,-94.71548841785734,-93.22326978560892,-91.43252898510357,-89.71906043549134
-96.8432562817958,-95.11262119586284,-93.39953876009952,-91.1507476191898,-89.71906043549134
-96.8432562817958,-93.70490173714819,-89.7108668864269,-86.611683661905,-83.37314351820186
-88.80410667984904,-87.15137760590325,-85.80441995414611,-84.54815348685767,-83.0773348834906
-87.44364381900678,-85.56806970751876,-83.48194651068292,-81.40269119839085,-79.00099373916916
-83.27013986736567,-81.40138109535938,-79.65871649859369,-74.32880151503738,-69.06773436938023
-81.55817037354814,-75.13897748468001,-72.5574431866142,-70.61617406106194,-68.18446601476606
-74.22871631913544,-72.70181427118165,-71.97758202100825,-71.0974436118403,-69.337083244977
-73.6672551743289,-72.11107013743683,-70.598749945013,-69.54809041955968,-67.93953724299804
-71.69868678851307,-69.59999944243978,-66.59212984175454,-64.8100922170354,-63.03979662644114
-70.05239314533318,-66.35047468652907,-64.75471383646725,-63.619284298455376,-62.585614421972984
-75.56619559450367,-73.27757663363053,-71.33248036073972,-66.38098079697663,-62.42616888200539
-77.52816530246758,-75.65043356298523,-73.89406668431641,-73.02685876320926,-71.04530651107594
-77.52816530246758,-75.01033874113287,-70.74102596984906,-67.9440477469239,-65.28565565702736
-70.11490211413904,-68.06180028235624,-67.19040093710312,-65.48216930095177,-62.28567682009874
-70.11490211413904,-65.53074540604072,-63.976836657405244,-61.81565562600834,-59.87388832618044
-65.14221462750179,-63.50523564193466,-61.97025041968459,-60.99162223824969,-58.462469377698056
-65.14221462750179,-63.38794818650244,-61.60631908570909,-59.48301179249473,-55.84824903409638
-61.80380675096224,-59.39606036025551,-56.56726523320068,-55.36803673885899,-53.748129926148664
-61.197789049309534,-58.23584544257726,-57.209823897021735,-55.58031289411179,-53.748129926148664
-59.481873278452944,-57.952800663214006,-57.19917947886083,-55.94559802208896,-51.86475921971256
-60.204497908192394,-57.86547409430061,-56.13896845662455,-53.800472023845245,-51.86475921971256
-57.10291111650256,-54.066125569951105,-52.38346311189511,-50.36996700601391,-48.541802383603994
-52.34001199820773,-50.93352779104728,-50.225800339721395,-49.304854594449246,-47.49622429453801
-52.34001199820773,-49.46443868070431,-48.451224266846644,-47.56032248416069,-45.4711527335718
-55.262627504201625,-52.71830138080241,-50.05607462574358,-48.03950829231859,-45.4711527335718
-60.46767684058088,-58.315569358459214,-55.70518203532252,-53.38297316676493,-49.730930566261534
-62.69331271570439,-60.88774435728766,-59.497732654945295,-58.4452079008525,-56.77659793967098
-62.17210513780496,-59.484656133833745,-58.01322766981051,-56.14255417709533,-53.863766993414394
-57.27590907720871,-54.723117327590955,-52.07564339912663,-49.27996624122433,-45.81031995247369
-52.05726451051509,-47.981395304144,-44.595255888917066,-42.52269659570896,-34.18932166583585
-44.757086011484375,-42.08462474346026,-36.31921964617741,-32.97526243476824,-30.699443273241656
-41.62027022901905,-39.6858731727195,-35.24757252618177,-32.825322028836474,-30.699443273241656
-45.485329114044845,-42.36653550874841,-41.12426032576803,-40.39488131503277,-36.28029422428331
-52.57097149878205,-48.95279935711028,-46.48934996678098,-42.983340907578075,-39.8425622620762
-58.094477833106346,-55.79212282203008,-53.6437000983734,-50.28626847780148,-46.952269627362135
-60.989857783422046,-59.21996923922229,-57.7328715495809,-56.224179875575864,-54.46518904244472
-66.89461496165994,-64.477335109215,-59.88948506821474,-58.295895509009625,-57.00101431042421
-72.01785553122599,-70.23889333460953,-67.71924392765047,-64.49771921249996,-57.44802803091749
-73.28973874743274,-71.57208159108151,-70.72949448965687,-69.89620912223603,-67.69514384237371
-73.28763127351306,-70.81902145983425,-69.55994941098544,-67.97259310284241,-66.86382263505541
-72.30925067919317,-70.37645903659808,-69.18216716495523,-67.9319761535074,-65.67710741205207
-70.39955108495684,-68.64768934184262,-67.00720640322373,-64.78722537220347,-61.89437590975133
-66.36711390100615,-64.70678105880617,-63.75645531363545,-62.742164510837796,-60.17908898009094
-66.68822437391327,-65.34343742828426,-64.41799412138965,-63.50847596466457,-60.56472058872981
-71.20101722409044,-68.83940050367558,-66.43828222133382,-64.84090017587047,-63.21064860310919
-71.20101722409044,-69.362797285702,-68.00028054130266,-66.9373662971156,-65.05056673581643
-70.08136559401436,-68.73833271888132,-67.89627670499928,-67.01654860113847,-65.05056673581643
-74.82219882655964,-73.5719285636533,-70.43325830481841,-68.79480605322156,-67.05522630585607
-83.03174262051789,-79.4823573771086,-75.54102729199887,-73.89127517297766,-71.61760916424707
-83.59281963601892,-82.44132181115226,-81.48839478366897,-78.81293993980606,-76.74923658860517
-83.41499523340649,-81.9099946507088,-77.87375632322615,-75.37638185965133,-72.53008239019448
-82.36208707439664,-80.68433147797123,-79.83062755060062,-77.30721395005737,-74.61497970374499
-81.57892142656202,-78.83801231299961,-76.02928043986199,-73.19150043724522,-70.51676230877077
-75.9304428796608,-74.02522573116954,-72.41381014232437,-70.57084390862761,-68.42831410672036
-75.62884351537595,-73.91398123751281,-72.99801139956863,-70.3595563271477,-68.51545715005011
-74.82633082306141,-70.41072635330883,-68.89572206784217,-66.89355951320618,-64.41792195036203
-74.7603255359628,-69.51261862119966,-66.77788593861833,-65.46383038145103,-63.74194374298415
-75.78194324700007,-73.90124979894318,-72.1413398858128,-69.1520772205065,-64.59405828216876
-75.78194324700007,-72.80013507985656,-71.20195175999771,-69.589086525052,-66.47762165621987
-71.82159674868439,-70.47336992816724,-69.70962671715705,-68.57315606608766,-66.47762165621987
-72.20135329146747,-70.95073490835347,-69.61411707005225,-68.49960803103112,-66.93241375895255
-73.73982295337052,-71.99249590096275,-70.6000789676424,-69.17056263499823,-66.93241375895255
-73.73982295337052,-71.88616324570232,-68.55209382202914,-66.92775379574248,-66.04738200175814
-69.8062423988625,-68.20025316382748,-66.88081174499786,-65.37216425577313,-64.18627001516734
-70.9980788955866,-68.62585134463288,-67.05907840865504,-65.43744671522548,-64.18627001516734
-79.62452323336842,-77.05317699297035,-70.58071203152264,-67.86094014240068,-65.15537999249582
-81.275338026954,-79.55379561843965,-78.27868431205657,-77.06491888866552,-70.30095687959802
-81.275338026954,-80.50108057758975,-79.45545075695401,-78.45414645420345,-77.05447668226844
-83.22628203116979,-81.69332199441843,-80.50573969869924,-78.99139312595479,-77.02698413768785
-83.1103356730701,-81.28606695235517,-80.67672427692854,-79.96989131839536,-78.12719873904094
-86.25140107004295,-83.79724488891137,-81.31528053525098,-80.25504519528299,-78.16360472635196
-86.25140107004295,-84.13852434999187,-82.31657119611087,-80.14608303619455,-77.87361163188307
-82.21081890931912,-79.88110678702841,-78.70645108912171,-76.12213281531923,-73.26195208585642
-85.59949441968406,-82.46327828374577,-80.30035720893895,-77.34618857208928,-73.26195208585642
-85.39637881288424,-81.44758728812428,-79.33898795435378,-76.36596798296904,-69.03394172789865
-79.75349800092948,-76.42234162926711,-71.79972932535414,-69.72486667357629,-67.3252441663695
-72.21384889536616,-70.05931554273641,-67.95684853619298,-67.05157583590578,-64.52982489894433
-70.8428432084666,-67.91086563593025,-67.21904007366606,-65.90553548144138,-64.17800671271507
-75.7961903904124,-73.30603565866394,-71.42060350123194,-67.78724649397758,-66.2119922307552
-83.25255250412033,-79.60804010689922,-76.21854028399571,-74.04631600785925,-70.42728140112065
-83.25255250412033,-81.33335259695906,-78.77570498509739,-75.76692910888596,-73.41882956927594
-79.93945448265073,-76.02129953731597,-75.12894243480949,-74.261596639769,-72.60700942362496
-79.71889147730231,-78.25635338042757,-77.25480758167623,-75.37542480121344,-73.96004926839726
-82.6863576249473,-80.28539695418374,-78.91196045691885,-77.50355131212925,-74.96603922421754
-82.6863576249473,-80.28719792166923,-78.32668621943854,-75.19235894307458,-73.69703637212598
-84.2192862997152,-81.27316748891455,-79.75794641912977,-77.10819910278872,-74.04879570855526
-84.2192862997152,-80.46099978430674,-77.23803096023562,-76.44405236761409,-73.90315088970426
-77.2135580332454,-75.484167805159,-71.27250646901084,-69.8798467847137,-68.29330241126728
-77.53924746711282,-75.09105167063166,-71.735364611323,-70.09502178749388,-68.29330241126728
-81.10809508868272,-77.74438214445863,-76.63796757158158,-75.59546232918177,-73.36210798337981
-84.9535657760302,-82.87163999710394,-80.00354512194698,-78.2604477527037,-75.36221478586916
-86.29578594960553,-84.33961723140024,-83.5804687488561,-82.49235716503291,-78.75688631442114
-86.29578594960553,-84.4854093618897,-83.16555833401614,-82.11100227885856,-80.00997051513143
-86.030273546792,-84.28479549419973,-82.95041304480925,-81.7246917305294,-79.58793877747033
-88.35829811217124,-86.81314082251116,-85.60034737226378,-84.28809799423257,-82.48555233208451
-88.80536963882287,-87.4013385223982,-86.17236153587186,-84.3507870206868,-82.01728162806805
-88.90279369754623,-85.76160662025339,-84.43899753553174,-83.44314137347807,-82.01728162806805
-86.63860777034243,-84.15314615751223,-82.74158698038431,-81.19956420596505,-78.94854853298574
-83.19397826507179,-80.78922570549202,-80.02167301892563,-78.53391714721643,-76.25226662169138
-81.1064737485541,-77.74648604753554,-75.11504113912969,-71.37966281195052,-69.62593806057946
-73.96105366218241,-71.93166931080924,-70.83847715798768,-69.7820052448338,-65.83418078905378
-73.96105366218241,-70.24576259478738,-69.054452878312,-67.93323188289372,-65.83418078905378
-74.5501794846968,-70.98546700511922,-70.20320709301582,-68.99261613872665,-67.70016692006163
-74.5501794846968,-70.9195843152767,-69.73952690454868,-68.34727496805723,-66.20208348385587
-71.8493878279011,-69.93478225462638,-68.41217654710769,-67.51540497935407,-66.20208348385587
-74.71925536878652,-73.270683835338,-71.91323469784504,-70.36187301411599,-68.13449636382201
-75.25133375256956,-74.12186742553163,-73.48068021763524,-72.78753144069626,-70.7486325626589
-76.60999339552332,-74.85149645682054,-73.92513259974562,-73.31819873326785,-72.04733469256
-76.60999339552332,-75.19485938319308,-74.09418809584389,-73.15185016418715,-71.06030744791269
-75.81226184784816,-73.79164406518369,-72.50892655645524,-70.837471421016,-67.52693044835631
-74.16329732364862,-70.45113971876688,-68.89003410519521,-68.10034612670054,-66.38797756046206
-70.955128015957,-68.1479966566241,-67.41280882032525,-66.47074574864288,-64.03736244501607
-71.86593708271529,-69.92911611657698,-66.84670244630601,-65.34951467041442,-63.56256443080037
-74.12338665527454,-71.59800266918683,-70.41891338202218,-69.06340722588838,-65.0607118969972
-72.45014156718332,-70.33842269006044,-69.10637381859777,-67.66810595489781,-64.84305444357278
-73.13704144708373,-70.8326584621201,-68.50403488738084,-66.90675097590915,-64.84305444357278
-70.8878263543745,-68.95031053397952,-68.05404257053634,-67.28686107344173,-65.82376784155637
-72.3903476584095,-70.15222506664148,-68.38437692698224,-67.39612774540018,-66.04541042451757
-75.66771991857989,-73.77574696042174,-72.08352183246805,-69.91810818606109,-66.07595410309845
-75.66771991857989,-73.31848988869326,-70.71406548853324,-69.06114523888417,-66.61898574331673
-70.53801161946909,-68.87767725044958,-67.18044371216334,-65.25425904668258,-62.7463611513243
-71.26119900174501,-67.57922224759588,-64.79693172239816,-63.99732636786594,-58.53148996824134
-66.1672346410541,-64.05033184290964,-63.15750472347091,-60.91824542752787,-57.7313227298932
-64.34447599522301,-62.74159993344005,-61.614690325307464,-59.9953327690519,-57.78668676483839
-66.91941563805732,-63.67261536536325,-62.76727204751743,-60.119343170275165,-57.78668676483839
-65.1229544823511,-63.400931039577266,-61.779939113253846,-59.74191112094655,-57.16965996011508
-66.12050731833,-64.55763865968204,-63.71999314191202,-61.58877227191732,-57.16965996011508
-66.12050731833,-64.10523484115198,-62.011905767250866,-59.32225435474534,-56.5001255389942
-61.63734292083808,-58.5351098698615,-55.101650905710656,-49.59321516577748,-46.47722325182256
-56.34664448213945,-53.21110142970514,-51.16442197305258,-48.893729061549095,-46.47722325182256
-56.34664448213945,-53.588551150458805,-52.095398110025926,-51.18989203139721,-49.316394577482264
-54.08744606045273,-51.72825088526706,-51.21861792559677,-50.607196398420854,-49.316394577482264
-67.29210772454637,-63.16744350915019,-58.9909855565962,-51.60228501572668,-49.78326422147302
-67.29210772454637,-64.75455952280258,-61.90694594835144,-57.87785210017974,-54.85704790476016
-60.208547574555716,-59.09086455348324,-58.29326678108744,-57.58689766618121,-54.85704790476016
-60.52656098702446,-58.75686358776193,-57.91914167156004,-57.00394307988756,-54.873212521406494
-60.52656098702446,-56.771938958860076,-55.56909341331324,-54.212567111666516,-51.35933554370371
-60.022756219959284,-58.43598617272566,-56.3428999972436,-54.70378422464256,-53.036920301359466
-63.015967673531335,-59.417934248138295,-58.478210073721634,-57.72304863195241,-55.780791621336235
-65.97578984130193,-62.51616979739259,-61.414206490907276,-59.407745622341636,-55.46265038255014
-65.97578984130193,-63.07086530211841,-62.45685589146147,-61.66721656727624,-60.27025055780096
-69.51941673480202,-66.27880441189923,-62.8707216619071,-62.11377459951878,-60.43808392929691
-70.07054920646561,-67.91929276820971,-66.11441329590232,-63.555642525085396,-60.43808392929691
-67.64843192561906,-64.45876388165286,-63.69827366394405,-62.597311783514925,-61.16371357680965
-66.67554302117694,-65.41143238853545,-64.30192858775916,-62.54485780850079,-61.16371357680965
-70.297273790046,-68.58816407708133,-66.59805913902998,-64.80988583024413,-63.58198492842786
-73.00255621563379,-70.8100173432969,-69.10318385567376,-68.02685167380983,-64.81625119808167
-72.64238398050564,-69.31530460623189,-66.99119300067592,-66.19721599502553,-64.93441885248646
-67.61260963299614,-65.88800182740391,-64.73745883723889,-60.662917550304115,-54.87666611774952
-64.87823324946575,-60.36522008032252,-55.751219185438366,-54.251438403595046,-52.28124041516661
-56.86777502378266,-54.92841089833785,-54.13637031704641,-53.0119582022396,-51.11589819295564
-59.71283283084077,-58.05317594836832,-55.564531857868886,-53.40496423020925,-51.11589819295564
-59.71283283084077,-58.6639917799641,-58.087099898808546,-57.209392293360956,-55.896079752982885
-58.898957567450005,-57.88887995061509,-55.92316146289103,-54.669492489726046,-51.76564446347366
-56.43413112573373,-54.404615115920286,-53.2712279673714,-51.78728422804315,-49.39690368716972
-56.58525843614169,-55.514717761678945,-53.76529419325171,-51.74390258941732,-49.39690368716972
-59.781509993562445,-57.49096879032261,-56.143210090930054,-55.05867341710589,-52.34395617123225
-59.781509993562445,-56.18495850845515,-53.764494324270096,-51.109717935691926,-48.524860167225896
-51.9875828232401,-50.40690803831002,-48.79327541614219,-47.81067297031364,-46.01476708383281
-53.23051322276576,-51.60977347540573,-48.73669917132311,-47.92524866376962,-46.01476708383281
-53.23051322276576,-51.638381284320566,-50.713196630331936,-48.58710199881102,-46.909897804263686
-53.65124910213197,-51.3290968122056,-50.37907610797736,-48.73441695087969,-46.909897804263686
-53.65124910213197,-50.73761173275337,-49.50208092254146,-47.50365379660983,-45.97812265516878
-48.87579113482445,-47.27639427090947,-45.06248329131144,-43.424834205800146,-41.54456662475423
-46.13615219594964,-43.869918450265274,-43.14615564676018,-42.0176813151598,-40.54890227035498
-46.882937075267094,-44.31275937472902,-43.08250494825337,-41.964061909459815,-40.54890227035498
-46.882937075267094,-44.83657444337651,-44.04319304599086,-42.09786251840045,-40.047812988333234
-45.1217518353758,-42.09786251840045,-41.04145965922084,-40.09706240109936,-38.32709951778601
-43.087663922123205,-41.54309241158242,-40.614670778268575,-39.93054037693828,-38.32709951778601
-42.36303344521112,-40.71949929719662,-38.19202474662651,-34.361995302461494,-31.364517584214894
-36.326827035731185,-34.665711674365774,-33.27188459954894,-32.36507223732857,-29.904286612283627
-35.27587354344516,-32.739416172522176,-31.892388812940975,-30.170797820008623,-27.76068649390344
-33.13588568310678,-31.13077704137435,-30.243521869187653,-29.54555307167641,-27.76068649390344
-35.94719929665533,-32.71532961564634,-30.59373859064183,-28.949983299150574,-27.43588007187473
-37.66304293319706,-35.40950114447462,-34.125060288385534,-32.94980837932542,-29.638954018220378
-37.66304293319706,-34.95203892582138,-34.1207719566434,-33.193660675919624,-31.64992834831141
-35.983453421055614,-33.957446841170785,-32.868320594742286,-31.446343657399265,-29.863543619778426
-34.1336695235543,-31.44871064112728,-30.363783228825472,-28.722950971272887,-27.287970395313476
-30.00985235304685,-28.42751547768255,-27.32004628876039,-26.042586129128104,-23.24289513285182
-28.113021664165014,-26.317168836598764,-24.94478162458823,-23.30495348486386,-21.100639350654006
-29.29229758120692,-28.15942886213366,-26.97856584278054,-25.073358607468037,-22.22991549592297
-36.22857709123412,-33.713376461582115,-29.93271124005959,-28.109767074201518,-25.91071172492679
-36.22857709123412,-33.068006998111976,-29.732315463141013,-27.335342212971092,-24.145834123963574
-35.28545257347368,-32.93920350424612,-32.19338119591157,-27.534118574620685,-24.145834123963574
-39.57233831662882,-37.85318318709621,-36.17312019903524,-33.15347072965003,-31.584151020869374
-40.984068351113635,-39.28944160958157,-38.242075641453006,-37.07365856526043,-35.45230666358508
-40.984068351113635,-38.98525532134159,-38.22607590119169,-36.874976924800606,-35.45230666358508
-39.05180803522378,-37.93310346564982,-36.34350971286115,-35.28470530319949,-33.68581063099072
-41.21235912379601,-39.152279200898455,-36.05277683787824,-34.048394346312406,-31.556148084266933
-41.21235912379601,-38.548544872379665,-34.6672616271979,-31.9464610202523,-29.51691816314352
-34.50121391144534,-32.767116817493644,-31.709921083599227,-30.82796314562627,-26.01711532516397
-34.277449483567075,-31.77389815922125,-28.40907359669867,-25.977092784306215,-24.402421960117415
-31.504677093734035,-29.410663030997316,-28.061764251277488,-27.27614258848294,-24.206715444566452
-41.022437875346554,-36.4521981835737,-30.870990534106244,-29.19347688135397,-26.616081063312045
-47.04470118606853,-43.88243093142574,-39.868240944359684,-36.917058120062634,-31.500543709309056
-47.04470118606853,-45.10811238299563,-43.20408292170098,-38.92760341725238,-35.27069941119849
-44.83834299148728,-39.675932551625486,-38.793877386673586,-37.03252438392177,-35.27069941119849
-42.415323481353624,-40.5713148234547,-39.46886939084038,-38.074914244552225,-35.54206264691247
-47.29715319481686,-43.03640041963485,-41.66845135853155,-40.6184023019585,-38.95193584894963
-49.785735130501685,-47.92374747552917,-46.587157071971326,-42.86952054704004,-39.71387460985562
-49.310878159822224,-46.587157071971326,-45.18665986062604,-43.57622215135017,-38.596581264204616
-45.36938444294489,-42.70372965009738,-40.73434551081599,-39.706251545038924,-38.22065194401883
-46.54377803551934,-43.18493826658207,-42.03128921331912,-40.49768162152547,-38.62436552048755
-54.773017646015326,-50.22161941976657,-46.45753957612885,-42.277118648179524,-40.22306295525667
-58.32773906224524,-55.88165675784997,-54.14890182470912,-50.28727793037046,-46.26185545396633
-58.32773906224524,-55.91150619141142,-54.59592089737431,-52.36165357960003,-49.79809374455416
-55.08835028388846,-52.11354126627226,-51.07946195451325,-49.97879709360565,-48.00065073947659
-57.02006426694053,-53.78965995226491,-52.14944087915018,-50.42762568627139,-49.24445723903556
-62.269298247930536,-58.95637899389336,-56.642432653519606,-54.29654592887809,-51.42773308474952
-62.269298247930536,-58.46613806057798,-55.952746399651645,-54.934196851987124,-53.80795075828592
-56.87466020815915,-55.56335904820922,-54.60582325896279,-52.57865774613413,-50.68747923254721
-56.87466020815915,-54.648496484999924,-52.62751373245275,-51.40831014589568,-48.595777519169665
-64.75203466692865,-60.39950045228552,-56.66365292643846,-54.65516214324654,-50.738273132446764
-67.50599676751094,-65.54089024124866,-64.1294241598202,-60.92907608825454,-58.22651507506742
-66.59388175164379,-65.09313695668786,-63.50274978117245,-61.44516715206043,-60.32817558705275
-66.18113791735396,-62.04477190440324,-61.11316832596857,-60.51206258172216,-59.10087191289502
-68.11556320602612,-65.37614905487422,-61.759854895842516,-60.47287238511791,-59.10087191289502
-68.11556320602612,-66.14818003365511,-64.93498997629,-63.504370020881595,-60.1127839640004
-70.40433994558127,-67.86096748787828,-66.40427226828432,-65.21793827311257,-62.41671988645172
-69.03877002266972,-66.98179420787979,-65.43082743337904,-64.08022001751986,-61.97261825671646
-67.80818049855873,-66.76248346450095,-65.07311206450227,-63.63930581422578,-61.95417176487491
-67.80818049855873,-65.22468917967137,-62.41522170226921,-61.3150560525455,-59.93457310607624
-64.48224877799893,-63.19749363676082,-61.73360433129296,-61.04028084193125,-59.060411151867235
-64.36368684252798,-62.75810590144873,-61.90095470418461,-60.92108423996341,-59.060411151867235
-63.50370797220809,-61.83614726247205,-60.49222584810884,-59.670115636185756,-58.392463062398896
-65.06956060215063,-63.87601782474525,-61.694680017484465,-59.914908549458445,-58.304895545832565
-68.23074666064969,-66.23121059885808,-65.26453445495324,-64.08295666481955,-61.166187537181784
-77.69722812443621,-73.72994002385043,-69.8262210671132,-66.24186102821332,-64.54658687796513
-81.81283651331948,-78.10451401800654,-76.76919205167837,-74.30987672575489,-69.88056442412632
-91.5233165130097,-87.75340567781765,-83.03004747592405,-78.8961440409314,-76.11025796736605
-93.14693091823759,-92.11092136319849,-91.36571620846647,-88.84297807118301,-85.67593683462835
-99.030885541911,-95.8568603044371,-93.7606951421065,-92.36886466788718,-90.62543290007284
-103.94876587317744,-101.52025960149689,-98.3210746455131,-95.87307851968,-94.51565020575394
-105.96575747761011,-103.77528939732623,-102.94961258139298,-101.60542326516963,-98.71897269655797
-109.4094727321196,-107.22630644188271,-105.63762734511172,-103.62038162347791,-99.39917252572904
-110.16544325500305,-108.25875669634094,-107.16974780462944,-105.64151830596604,-102.86819010577274
-110.4963695713325,-109.09839226095104,-108.26259414006216,-107.57241809917824,-105.90265378059962
-112.38304012685342,-111.01587125641429,-109.81506306840971,-108.77987554887804,-107.47172815218622
-113.30518467729736,-111.86284772695271,-111.13945356895569,-110.62739582654385,-108.70750668021928
-113.30518467729736,-112.04952666133974,-111.14280542731903,-109.32634356914579,-106.68606075084887
-112.3697418390057,-110.45812997896502,-108.75126853972651,-107.50017280460864,-105.45410377828152
-113.43370121868918,-111.98962518134593,-110.69785839341651,-109.54649136941694,-105.45410377828152
-113.43370121868918,-111.42701831175738,-110.39363862516234,-109.6089019551536,-105.93064477858427
-111.64349633588641,-109.91290136023176,-104.73703886001304,-103.19567764662098,-99.91025818664397
-106.02591685513403,-103.9742040303646,-102.57959735470259,-101.46029794038012,-99.58029239718836
-106.51431121032942,-103.10562500542841,-101.71506952679132,-101.29728456384689,-96.9697264670642
-102.62784445866589,-101.35969768332106,-98.43408539204086,-97.27339906818406,-95.11628527745735
-109.40288969746616,-104.45128961708119,-102.0869800808169,-97.7969481832892,-95.11628527745735
-109.40288969746616,-106.90790148593841,-104.31877035956728,-102.78766310601748,-100.36039633683309
-104.89507516192948,-102.91344538290758,-101.80971414917266,-100.22728016121522,-98.53645384129793
-105.5973439570013,-103.07331022744033,-102.11892421541435,-100.44965739653856,-98.53645384129793
-111.4723774453464,-108.73709323697359,-106.09183943720237,-103.04597991301077,-101.72546733753158
-111.4723774453464,-109.5620496721105,-108.71815729261725,-107.65573377371638,-104.03746389412434
-110.80724445431056,-107.65470594278443,-104.65194932601266,-103.27269602836083,-101.59930580477652
-108.07381344762864,-105.69320994678833,-103.79704319535473,-102.44750866058614,-100.82290887608994
-114.70039483670965,-112.77435638188578,-109.8540702072751,-106.80047941993101,-103.41747333344767
-118.03329213982651,-114.34651034287118,-113.33589033085467,-112.55490815068389,-110.50140567649329
-118.03329213982651,-115.7861347451221,-114.44043547180138,-113.32259047953707,-111.41520501958335
-116.52633207512187,-113.81502631733221,-112.19683213804504,-110.24377880411772,-106.55807780264145
-112.83945881981751,-112.01360040133373,-111.14540671532717,-109.42936014808848,-107.71214871967396
-113.09516412860339,-109.74588229651184,-107.71214871967396,-105.57495921200768,-103.34915313279477
-108.66480486308777,-105.9611699666833,-104.59670605169612,-103.12718830571737,-99.93912877991528
-106.19621710987542,-104.86684987302182,-103.39435945681807,-102.35383002163849,-99.93912877991528
-110.13262712049529,-105.69410489239938,-105.01331334790369,-104.09282989701295,-102.16493033119085
-112.74157858264016,-109.2133912857953,-107.97179395490724,-105.46228493318102,-103.73330224401718
-116.76433177058888,-112.50866048552028,-111.12265298214962,-109.50183822247558,-107.62058885125495
-120.71742233625856,-117.69519412527792,-116.28568322294817,-113.09561578996832,-110.58313825703698
-121.71853879344506,-119.51915548808115,-117.01621726541985,-115.7991759417763,-113.92684379610098
-118.51381670116959,-116.5853186932046,-116.00614866758585,-115.44068630613266,-113.92684379610098
-121.72752981745029,-118.65835924018529,-117.41164836401373,-116.65482140213759,-115.36084681683155
-127.31210493321778,-125.32354274190726,-121.72752981745029,-118.92449164678592,-116.02230538248841
-142.761666122677,-136.62699286492057,-132.0781589332038,-126.01594541454247,-124.33224777531144
-148.20261821805255,-146.17116762662144,-142.6513243796739,-137.05424280635316,-133.09406555559607
-148.20261821805255,-146.3451180299953,-143.40997975132092,-141.98933754070816,-139.81407116786826
-143.9958578621514,-142.0974033095091,-140.9491208672944,-139.82418180670487,-137.34361709039908
-142.30337821151699,-139.19790307169671,-136.76345908735627,-135.70968866912136,-134.3784785497149
-140.73528421880764,-137.16251110973502,-135.79314707572837,-134.97811750605064,-132.47309978809486
-148.9310951870541,-145.63834136162768,-140.81907204934674,-137.7309887984702,-134.99625612393353
-148.9310951870541,-146.3625350049336,-145.62168086774784,-144.84503044816597,-141.3319567056944
-146.93494507822965,-145.40470648474118,-144.73807311197808,-143.50207611928448,-141.3319567056944
-145.96050600110587,-143.07621599609905,-139.6381097406316,-136.52275595001194,-134.59135420088558
-139.27177756864936,-136.4644444618932,-135.47422231480726,-134.0288647273607,-132.81715673144964
-136.14271477128028,-135.15474392139797,-134.64570859731816,-133.94989909071373,-132.81715673144964
-136.14271477128028,-134.70803505794015,-133.4011541554375,-130.7404421527444,-127.3387702373559
-135.41342772005382,-133.80494455532502,-131.2157504151879,-130.02376955940724,-127.3387702373559
-139.31242369686623,-135.41342772005382,-133.81981477298615,-131.0123511391077,-129.13687789365417
-141.72893664473037,-140.121530068485,-139.1345847634534,-136.71628320488898,-130.35097407759213
-141.978581983974,-140.58554955137265,-140.033028887868,-139.09457202654332,-133.30137398517016
-141.44164525383957,-139.2111217319332,-133.76547449563628,-132.7269674190302,-130.90735329975496
-135.05176969619683,-133.5790907370531,-132.73125979133832,-132.27930643793758,-130.90735329975496
-135.81175212444322,-133.75419101613602,-132.706763896467,-130.7141624337058,-128.08128331810306
-133.5066150198008,-130.4173205908357,-129.54910420283437,-128.19877757889938,-125.33766380194425
-133.44258256222386,-131.69499121494175,-129.94340347508881,-127.69067487791546,-125.00027471086463
-133.44258256222386,-131.4122996476367,-127.7401883832044,-123.18119678023194,-120.23477227344803
-127.98340633986842,-123.19711287341251,-121.74334922750694,-120.59044212475703,-118.90562243524018
-122.32188758418589,-120.81084210535386,-119.20082520514313,-117.56571902619156,-115.429177040345
-122.90618380876172,-121.12700913316426,-119.71651139428675,-117.52227784086851,-115.429177040345
-123.80851861437412,-121.35464723869805,-120.0735073411054,-119.28730421936604,-117.11650452097693
-128.9887302816653,-126.71078605605274,-123.64014864503714,-120.44775653740018,-117.11650452097693
-128.6145897117555,-127.01280486681888,-126.39658373642357,-125.46471157894578,-123.16968183576324
-128.3453055936427,-125.63150722047821,-124.17508774582456,-122.24975795430169,-118.99924280492662
-124.55804482099589,-122.14558563417799,-120.38119938341745,-119.32067375036007,-115.78220150007466
-125.30680386292316,-122.90470796107002,-121.81553818385498,-118.17133759282392,-115.78220150007466
-127.30267531399093,-124.87220674559184,-123.91441118271781,-122.92715115499274,-121.93620687920246
-126.28077452920016,-124.22968135927717,-122.55965915278225,-120.44940066302968,-117.15844788682958
-124.73829268112357,-123.50562398828883,-121.91845222003634,-120.3029417193433,-117.15844788682958
-124.81036161969234,-122.32218067141208,-119.98388901566115,-117.73584863283544,-116.25960520267455
-118.98706009913313,-117.29381978768654,-116.33577038864621,-115.03775495558631,-112.30230643479184
-117.95589734411661,-115.84569657681807,-114.74225919798617,-113.62523979158576,-111.11879890800304
-117.24642031996413,-114.71898962023391,-113.65958311717921,-112.41331412927869,-110.52808459464941
-116.06986862498596,-114.32978167450366,-113.13752564395075,-112.20560567788007,-109.62770347124656
-115.84640132629222,-114.07801439059958,-112.27011551023645,-111.25957149417353,-109.62770347124656
-115.84640132629222,-114.78283960338402,-114.30578068820158,-113.69181957674542,-110.99969923261285
-115.28929073475811,-114.26152225129503,-113.51768133481349,-111.06109149437125,-108.09422364582107
-113.68285253347189,-112.58694589959157,-111.55282085577352,-110.25026492642954,-108.09422364582107
-115.65047265698738,-113.75355735280486,-112.33818304623537,-111.36132333232916,-108.10816673065064
-118.41052301943463,-116.68083114400488,-115.04170530012084,-113.37237890661947,-111.54609436751878
-118.41052301943463,-116.72676853250056,-115.27644554153602,-110.79202645213101,-106.66367923356037
-117.1634848550044,-113.69500533770974,-111.73767485597283,-109.23224797211864,-106.66367923356037
-118.44095783532333,-116.70858112838945,-115.56426421398456,-113.49590604294053,-110.5026085820742
-117.49066558183576,-115.93729297570773,-114.99091965009374,-113.17218847446946,-111.00843226622072
-118.72573650942822,-116.40741734037681,-114.52140053506352,-112.24631262124595,-109.93829709111928
-117.48188296339583,-115.15575980724614,-112.59930650907921,-111.49000762278686,-109.93829709111928
-114.26389718581918,-112.45453259688949,-111.1120989725954,-110.4821576942764,-109.25554554330051
-115.10938314303908,-111.30594002017922,-110.56461947248722,-109.63979433823224,-106.88294003252415
-117.84605058383949,-115.20715945538635,-113.16514609420071,-110.55636712498068,-106.88294003252415
-116.13529741211451,-113.53595393937059,-111.7045107342261,-110.27609181804466,-106.8270331489088
-112.19148261629653,-110.03863463541163,-107.97864974945891,-106.90608377761056,-105.93591271042831
-110.07399778956868,-107.67822957166956,-106.69175220535435,-105.07611883350293,-103.51167029099113
-106.95835898314198,-105.48613179085902,-104.92180247736853,-104.27636084043101,-100.18972451468035
-105.98211234580789,-104.49804474225462,-102.78567563186485,-101.59768463763487,-99.22781683136986
-103.51545396630169,-102.39144099453915,-101.46183337374184,-100.50287737569813,-98.84578278425762
-102.79289152783801,-101.5947983942274,-100.69346627880648,-99.8711321873847,-98.36301895052969
-103.78844229325921,-101.36389601269866,-99.90826050935999,-97.51811591018225,-93.89027666724085
-105.98677246155604,-104.22907786685049,-103.11484448622551,-100.68569615381261,-93.89027666724085
-105.98677246155604,-104.45886020691658,-103.69116563013765,-101.84686695949688,-99.48431551478234
-105.44891965116598,-103.45365528484984,-101.53845534979277,-99.21276171581113,-97.68144922055757
-103.52040017125286,-100.0215613710391,-99.1569924155778,-98.20220538839817,-96.97705755732828
-103.52040017125286,-99.91945060400913,-98.45778742638308,-97.15494142189931,-93.81426076753976
-100.19941656276293,-97.84852927387016,-96.82882416652686,-96.0733866565188,-93.81426076753976
-99.70629361407141,-97.19778425906847,-96.25267210254898,-95.74188934152322,-94.50823621246701
-98.18131540403763,-96.03819907218286,-95.01814063848816,-90.62213434362859,-87.58426629433579
-96.16530564939515,-93.99381185832505,-92.74397481018937,-90.5445020729177,-87.58426629433579
-96.16530564939515,-94.22860671186791,-92.27452741558476,-91.15115988629665,-89.1604083798598
-93.48125739178909,-92.10797837889342,-91.34729506540245,-90.30573109173227,-88.03140475654486
-97.5614528751837,-95.60363661738144,-93.65262150010494,-92.74575833994761,-90.1141196409825
-100.06683971807955,-98.65136742717092,-97.54303507490053,-95.71412239594946,-92.84611575350009
-107.53314734613446,-104.71867110460376,-101.87115602449549,-98.85748178778206,-97.23760861223023
-111.8185948305959,-109.49413173416308,-107.85641616822393,-104.95471670672691,-102.2279078662373
-114.32921669879758,-113.41971403007328,-112.24456813206342,-110.30368275910976,-108.19854575133851
-114.37651304708304,-113.54029611458989,-112.60426677185488,-111.60336183467447,-110.495155674582
-120.90840181636456,-118.6632475320775,-115.71098024442819,-112.72507321582977,-110.09135825973303
-126.70176053288687,-124.73094336194335,-122.31566439305774,-119.19585602442761,-116.71457509583045
-130.87430733580743,-128.36667498279442,-126.60436136990872,-125.00063707741495,-122.78990120390698
-138.81797211882528,-133.6437696184758,-131.01603311073012,-127.71541864187216,-125.29316093282206
-142.02251433237575,-138.85990536763885,-137.03727138057997,-134.75647608570247,-131.37808862087553
-142.02251433237575,-139.1680594635235,-137.80594553288432,-134.6097060123232,-131.75844151440833
-137.51349865190454,-135.30661591389998,-134.6403280973238,-133.39626002632184,-131.75844151440833
-137.51349865190454,-135.91619123146785,-134.85269654516804,-133.92462678103067,-131.94789735449515
-137.6626408374751,-135.74442204261655,-134.94504033118616,-133.8096284119612,-131.94789735449515
-137.10075616771454,-134.865978947791,-132.0543151402087,-129.2440858192948,-122.92860778366925
-132.47275444636213,-128.2179573427011,-126.32219913203782,-123.96123652473061,-121.94211793899093
-128.22381438961818,-127.34279442945731,-126.52714338731379,-125.72014761290548,-123.16772803212035
-127.94894054105724,-126.8847347611421,-126.06165596640719,-125.10070566882678,-123.3211085247741
-128.30920004361806,-126.17145678184859,-125.13944660413884,-124.28328186820124,-123.00279008982541
-128.29706453756947,-125.64655916484557,-124.64129221897309,-123.44587506428869,-121.83706629864999
-131.2883443603433,-129.14323683909234,-128.05221132950678,-125.69624001241252,-124.0941569555388
-135.15421869343228,-132.21212081327297,-130.57511588832193,-129.5771860683832,-127.06101902345489
-137.0401163882404,-134.82380275634767,-132.20063686487762,-130.36452021423565,-127.06101902345489
-137.0401163882404,-135.69098676903073,-134.79867019197022,-132.70648601955077,-129.9154824797013
-136.3942998607288,-133.30226571041263,-132.2581678929522,-131.37466691928472,-129.0797365788059
-139.83991879612464,-136.31660883044214,-133.5760192229452,-132.18362126470734,-131.0341274788148
-143.32968781055357,-141.51310636345113,-139.32864859334242,-136.9070787068425,-131.0341274788148
-143.32968781055357,-141.99570177173942,-141.02401609787435,-138.001079478277,-135.4284438375798
-139.1307800248954,-137.45455252080967,-135.22535202381843,-132.20070565448756,-128.74892000472397
-135.68889911785325,-132.28158066826848,-130.75103485865773,-129.61176528316145,-127.76795557299766
-133.51719197718035,-132.07283679029752,-131.55082338461736,-130.50970356393924,-129.16435163817195
-142.2167485986421,-138.30518045685434,-134.82942161837454,-132.0910461213645,-129.8231442055183
-142.2167485986421,-139.215828137575,-137.79361056812775,-135.41090776938242,-133.08003306182627
-138.32468791563977,-134.92418051111613,-133.40937375427924,-128.03079679277104,-125.816498752145
-129.64417964269055,-127.55639546969249,-126.64117028687927,-125.29435432226452,-122.74478939016366
-131.52368731675318,-129.1857661467813,-127.65096858753947,-125.33724985264072,-122.74478939016366
-140.38602710761657,-136.72246371586016,-132.26922609422473,-129.72919138996207,-128.12609477444283
-150.73555497945824,-148.3459105499981,-142.90698605981083,-137.87934848209144,-133.747923437566
-158.1426283176458,-152.28530348437155,-150.5250986184794,-149.07956714701453,-142.89624344366007
-158.48746697034647,-156.36154596150084,-154.23796415107424,-152.32848414366,-150.0871232611341
-158.48746697034647,-154.97504730322723,-152.7194927603511,-150.8621935639507,-148.31643672563706
-152.5762874910159,-150.0622697592006,-148.50330388028016,-145.67498483793094,-143.44179892901897
-147.7468719610225,-145.40957686060142,-144.18083176531553,-143.42965811743932,-141.46842772129838
-145.70370238469036,-144.3497025642493,-143.47210613473678,-142.2939287900019,-139.64453315931416
-145.46405609957324,-143.5726429418113,-142.36332078944906,-141.54411713851272,-139.64453315931416
-142.98008915067334,-141.51425322437538,-139.7373011157215,-135.0533475561913,-133.01036190666952
-139.42653633380348,-137.48035769393599,-136.19207948096727,-134.87733001163048,-133.01036190666952
-139.40602577234029,-138.22067714719722,-137.55452126427363,-136.67870114507977,-134.23701774137402
-144.0586895060393,-139.67383399984635,-138.27338446886438,-137.08365289118774,-134.1721251456255
-144.60791662561238,-140.9627027573,-139.33792871944394,-137.38817791452433,-133.13891816856022
-140.17584902344123,-138.1145250708857,-136.69506186303437,-135.19939172133724,-132.61023997980178
-139.272340377777,-136.98711963794307,-134.81607448730313,-133.7468459943873,-132.20926507620578
-138.09633041429822,-136.28562843008095,-135.25580922356642,-134.27059638356062,-132.61238222903918
-142.4859408274243,-139.56867093055322,-137.6198771542059,-136.1227176645068,-134.67935563453176
-146.07596542105392,-144.03208431583954,-141.89572462005538,-140.67337928396117,-137.56955409157223
-148.71739385776203,-145.77785050639216,-144.3553247951531,-142.89427362682102,-139.86275397394678
-146.54896119716975,-143.11812874037707,-141.72573407400574,-140.74125194756732,-139.86275397394678
-145.4949213734767,-144.21505925516524,-142.8715451809017,-141.1736317868786,-139.91371787644206
-145.75157641467703,-144.55899084927592,-143.5595291119188,-142.83088211567843,-141.0031320541154
-150.18945827881785,-148.35208616884043,-146.25951144158498,-143.5801261908354,-141.0031320541154
-151.0670223351914,-149.49177901146226,-148.21324750950257,-146.9135984662415,-145.17723767887034
-161.04466652096963,-155.53481574862536,-149.78549111191415,-147.15043789163286,-145.17723767887034
-161.86470924353205,-160.67709226916952,-159.33665791249092,-155.6408127871344,-150.01983362090067
-163.47077964687918,-161.46221791223056,-160.62792950479644,-159.7866599946125,-157.68716063690516
-163.5424962270604,-161.78222681467787,-160.2990699922552,-158.8664574910071,-157.5544982447326
-166.55556470015947,-163.79417713584047,-162.66776771479198,-160.71445910691853,-158.00308977170215
-169.21106299633,-167.49168935233067,-166.02941720426332,-164.22815575693141,-161.571237742843
-171.19504849791304,-169.08305959772156,-168.447167535898,-167.53746605326762,-165.92111831291268
-173.86373535232343,-172.22846394222276,-169.6686044519578,-168.44723448068575,-166.93635795858336
-173.86373535232343,-168.91322015917518,-164.93071847547668,-160.2296919798126,-157.1210955468841
-163.16745559976465,-160.56802047646127,-158.30612207562766,-157.50535841716004,-155.7061260371766
-162.30236543955832,-158.80005368062902,-157.0365862485716,-153.91705454023938,-151.88314383079404
-156.84760201699206,-153.10989137863623,-149.71545774264695,-143.74009422437638,-139.7144864077774
-148.84303098415603,-145.14615196284737,-142.92311966692517,-141.99716095115116,-139.7144864077774
-146.87513591072576,-145.42214996888794,-144.46143291446037,-143.3764244372882,-140.63818583206395
-146.87513591072576,-144.9590728184199,-143.67424335257402,-141.87357278413833,-139.1560486435043
-144.75260185675324,-142.25015129515384,-140.71013925363997,-139.2977938287457,-136.83309370044884
-142.74685620785024,-139.3639903007063,-137.75534765369525,-135.9256435160175,-133.63517940605692
-139.82473395849667,-137.80559356385044,-136.75344329981235,-135.1106933831886,-132.60481004492777
-138.98089839393157,-135.23812164905007,-131.99054893555282,-127.13485452277565,-123.3729590104454
-131.33226813839167,-125.91317016482505,-120.27936886466716,-115.96717962365916,-112.84563152102307
-123.73856544518111,-120.26234880919928,-118.12835629380807,-115.80943465366532,-112.84563152102307
-126.01494763487563,-123.08807204956081,-122.24305860237868,-120.47214414815221,-117.84338072486713
-128.66960520568074,-125.692689322172,-123.96437636235197,-122.74421209227945,-121.40646118325085
-128.0504309090171,-126.10634998393238,-124.55371792494589,-122.75289847656231,-120.78667168059874
-127.41828870901327,-126.0284041028943,-124.29942431696121,-122.67591500058984,-120.78667168059874
-129.55990578649184,-127.18755087172998,-125.72634256153287,-123.7188066659188,-120.8682083996734
-132.50359783053997,-129.3535343759537,-128.17540686342872,-126.67836555781699,-123.8947192602504
-132.41162522928164,-129.05293375984525,-128.46637829859256,-126.9740245187412,-124.78359963087883
-132.44586621551758,-130.62369338951945,-129.55623177426673,-128.1998406937115,-125.44657618338138
-135.4700319969272,-133.7414026974336,-132.3443002528852,-130.74656479941618,-127.06129650762038
-136.12815869862462,-134.55368908016416,-133.85224014462034,-133.16060576020686,-130.4167987867916
-136.12815869862462,-135.03402320265738,-134.294880675125,-133.01409143796963,-131.4043116788317
-136.72430340012824,-135.38410770712142,-134.42874849434034,-133.03431828895367,-131.4043116788317
-137.7481434847339,-135.5803475197629,-134.85453623676256,-134.12498924980486,-131.7259770676736
-140.15935413373901,-137.87331522386447,-136.66086721772587,-134.97969476801825,-132.64217827312663
-141.92422555604932,-139.1822480938729,-137.82697093371686,-137.03607926621518,-134.37878781856358
-138.86206900672886,-137.38737713479313,-135.69304990032919,-134.69611864351162,-131.1100576031668
-137.25285672923582,-135.08323514122503,-134.120859440687,-132.42829312611775,-130.3898622290836
-139.12435252454563,-135.99958283285034,-134.213787215882,-131.1764152359684,-126.51751461824976
-138.00555227240673,-131.1211932701966,-127.00001406407561,-125.25854839623177,-118.90576757784535
-127.48622350471001,-125.04296713192974,-121.14896619375459,-119.80714071449378,-115.92295741921188
-127.81137459880814,-125.35989083140915,-123.57502348338758,-121.31039192911578,-119.32481872942324
-129.82446212011013,-127.68616727523852,-126.68701518316425,-125.23814200879562,-123.34084214380013
-133.4080587588379,-130.50151291161225,-128.4467019811026,-127.49043928332819,-126.13577367615454
-133.4080587588379,-131.00214653379263,-129.55814355895293,-127.30738530983088,-125.06374748411908
-135.50900213053487,-133.9902590385901,-131.05686964002007,-127.88465989922342,-125.06374748411908
-135.64928721730524,-134.03600999058298,-133.20937619487222,-130.48171021710021,-129.09491429167747
-141.429227816422,-139.681477127551,-135.1369614204058,-133.11805656531862,-130.70304957839267
-141.429227816422,-139.94559361924382,-138.72855870090876,-137.78856215345112,-135.07323244034038
-143.07149541024802,-140.00941676138015,-138.3446565877651,-136.94668202982757,-132.9241201483806
-141.04954108562188,-135.99668920945754,-132.66873259788036,-129.9815551030156,-127.58572846280923
-136.657912464843,-133.9474249085871,-130.34575411285763,-128.85198881547436,-126.84743403192334
-140.4383900386615,-138.42110520281832,-137.18961007897298,-134.4712639148754,-129.03506997961807
-140.4383900386615,-138.98857131224537,-137.3605293315642,-136.13533572132332,-133.7222301664361
-140.84319789826387,-138.12940783134695,-137.18375170224564,-135.84142049245224,-133.7222301664361
-143.12916273364507,-140.48138565061492,-138.99398048246286,-137.4603910404545,-136.43759755027656
-143.12916273364507,-140.33257630157436,-139.16963074120918,-138.49976044326883,-136.94206447800937
-144.41804184045665,-141.72857872245888,-138.8740805406943,-138.22411877808543,-135.23540573917478
-144.41804184045665,-140.26790516296896,-136.50346101200125,-135.27809748105219,-133.5908676262651
-137.9170269146725,-136.3906159626262,-135.53877160075683,-134.7368345538336,-131.42038393087267
-148.15093736672722,-144.57353459963358,-138.59531516632845,-136.13688160044805,-131.42038393087267
-151.31609002108866,-148.49049918140278,-146.96010130193017,-144.73070002805156,-140.31268110062234
-151.31609002108866,-149.1265173152384,-147.80785724069878,-145.2773486498898,-142.83590743141139
-154.67080861894607,-150.4924623113541,-149.46193809711872,-147.92341967080452,-144.97447498071705
-161.49816653915983,-159.7134979400991,-156.85983573988173,-150.54443507801153,-145.82005166028551
-163.03177406434813,-161.63159604894275,-160.96202287774128,-160.24628629041788,-158.05355432925526
-166.34828495376723,-164.12836554952875,-161.9934694658305,-160.78774528803172,-159.4874885202772
-172.46198673012682,-169.95335033366862,-167.75547683128286,-164.41140404136192,-161.63167699686997
-172.46198673012682,-170.23280400371073,-169.34255182158898,-168.48826206396996,-165.9039649439236
-181.1136567435885,-177.19303011269545,-172.3675674149377,-168.67690873391413,-165.9039649439236
-182.66743960549175,-180.45374762720985,-179.55171259738518,-177.747186234653,-172.89638213605338
-182.66743960549175,-180.44000405286528,-179.38644811794018,-178.44140691077467,-175.5697135783568
-182.54049647229823,-180.20173820374157,-179.40839034059093,-178.23796495085628,-175.5697135783568
-185.14064463010334,-183.40688304340983,-181.18479395923094,-180.21676656348023,-178.55152128739212
-188.2239933380242,-185.99191827701355,-184.11279236884573,-183.4179652236821,-180.60546428425326
-194.7045676390894,-190.98584371017103,-187.81596256029889,-186.31388289701965,-184.14591427429485
-203.39860268877416,-201.4430498604939,-197.67052505697208,-192.66215033510503,-188.07687646652005
-204.12399537131577,-202.20986875549113,-201.03740237351832,-200.49736952815618,-198.91518877784767
-202.21397983448097,-200.67904393586738,-200.02795904161673,-199.22965303133452,-198.6496386060793
-207.75397192307332,-204.857151703072,-203.16881959697156,-200.610644781512,-198.39477613911654
-207.98461467409567,-206.48519585895224,-205.40546053577293,-204.31610810813754,-202.38260275541091
-208.29242814274392,-206.74457224739254,-205.47055599031154,-204.7545534008351,-203.17793567102902
-206.98469473428835,-204.98078117209803,-203.17793567102902,-200.18832896324247,-197.82480724675278
-203.8216895265041,-200.18639285176494,-199.19206455551506,-197.7511193842129,-195.79924866095615
-208.10403987993828,-203.72696535149913,-199.53911835480002,-198.246512748179,-195.79924866095615
-208.10403987993828,-206.70958279048054,-205.57833393687108,-203.92968753599592,-202.1111455221556
-210.78655348235662,-209.12640179891437,-205.97491716019522,-204.3506589441991,-203.25152632090126
-211.7344640712635,-210.33514049510364,-209.34976812451526,-208.38547187850565,-204.65475077525198
-211.69654946888758,-209.260353521181,-207.55716991930683,-204.0128312239865,-199.81680385155536
-205.99485733959716,-202.61669628609542,-199.81680385155536,-198.80916368841918,-195.45576383319104
-203.34917662881853,-201.27740212499688,-199.9547192525383,-198.7772698073849,-195.45576383319104
-203.34917662881853,-200.6997833031602,-197.2054839451178,-190.64969391023968,-188.40008188607888
-196.71657654646836,-194.87548366169588,-192.75980571217968,-190.55322920033194,-188.40008188607888
-196.71657654646836,-195.10708517932028,-194.3630249768279,-193.61071569868557,-192.1605754444595
-195.84402593809452,-194.09772733904873,-189.8939247955952,-185.47264247902973,-183.36946905201657
-192.314411419532,-189.6643356804724,-187.75059614958315,-185.39508457492127,-183.36946905201657
-198.39503249780196,-194.73717725085476,-191.6375325015362,-189.7395771798005,-187.3352454548033
-198.39503249780196,-195.28450865797433,-194.19859767029283,-193.09285643755146,-189.7052368157728
-195.59157272525974,-194.1316852833688,-193.09202480847296,-192.23586847785168,-190.20359009891416
-196.35946585553665,-194.5779563593792,-192.85460493826182,-192.00113232300714,-190.20359009891416
-196.83652663044884,-195.0341896530813,-194.29431879430314,-193.11630851678947,-190.69657926155642
-195.72505793917722,-193.98119161090472,-192.46479233657857,-189.8757155313573,-186.27092147921343
-191.77236968543286,-188.87279457305803,-187.09465652189758,-185.00484771950087,-182.6349499501835
-187.4273778778739,-184.43685565378215,-181.03084466337694,-178.97878329511056,-175.1902667993768
-196.5978839958591,-190.40166340128283,-182.99078355966785,-179.49774998937252,-175.1902667993768
-203.61157911693,-200.90950034829447,-197.4554834638268,-191.8640111422541,-188.59460070885467
-209.61391984982657,-206.56314674073815,-204.6899959037211,-201.59122162227763,-199.40913892648013
-214.296414827531,-210.70129720926118,-209.23176305295993,-206.9266639773694,-204.66957516520978
-212.45890679987397,-209.69602092658005,-208.7069513090853,-207.62655755222283,-206.01061670887879
-209.68729986324695,-208.21129672495186,-207.45864559507254,-206.58863116786836,-204.17804474738415
-209.24939239588554,-206.7931950406358,-204.05882578137454,-202.43710183541765,-200.7060650249638
-205.43733062962525,-203.33935903701655,-202.35795958359034,-201.51452416268492,-198.98182413336463
-205.43733062962525,-202.72337229531348,-201.97232117992036,-201.31287953576205,-198.98182413336463
-204.00624662925318,-201.82216409256412,-199.5245607902952,-196.8978644072497,-191.75727325902577
-198.79577684241522,-197.3529964268305,-194.81440844954747,-192.84805348531444,-190.86618576571252
-199.8174089168208,-197.77220314634326,-196.3960570810816,-194.74362791793084,-192.48839370348514
-199.5215297997796,-197.68775625462774,-196.86964472820608,-196.0402836206294,-194.21871959013632
-205.88222069971886,-202.85537441202354,-199.3878621565936,-197.39355834605186,-194.21871959013632
-205.88222069971886,-203.0156239800238,-201.6810895546244,-200.98557727389257,-198.50826528037297
-207.57537769975747,-204.7760504653729,-203.0520553850624,-201.24675102850046,-198.50826528037297
-208.06486847006875,-206.40490019579707,-204.67550761416564,-202.6880168263101,-201.02022727229604
-209.43898481577318,-208.11306158890412,-207.09459194401967,-205.23785445622832,-201.3380931884827
-209.38886758339737,-208.14785369134242,-207.0684431451234,-206.24044323807112,-204.36312422532367
-215.0154441537548,-212.86854199149823,-209.57270974728328,-207.05787677332398,-204.59798138734305
-215.0154441537548,-212.94986559784041,-210.9153918099648,-209.51548724010559,-206.76798026902622
-213.26378749970536,-209.51942259273102,-208.41283293522673,-206.7362236007033,-205.38508211424838
-209.89747305298633,-208.4356839204113,-207.34505950717295,-206.08264404117858,-204.24220293052792
-216.67976396762154,-215.36718877264678,-214.10497976498084,-207.6476104339269,-204.24220293052792
-216.67976396762154,-215.297471900505,-214.22213186142176,-213.1895596888775,-212.06572902066284
-215.79143538776086,-213.23767314430094,-212.24490556079664,-210.61509776524065,-207.5049328599914
-212.6171859772494,-210.62177973070143,-209.86319941146468,-208.87742338359857,-206.4574077730539
-213.11470169064972,-210.9463012062233,-209.98653526334465,-208.4009664481597,-205.68567205159297
-213.11470169064972,-210.7501057294924,-209.28250495233513,-207.47984956270506,-205.22062553129425
-209.67451909353883,-206.75404300062513,-205.33132623369056,-202.74774922648558,-200.4980825829586
-212.1967522798417,-211.0700696475888,-209.29222952784056,-203.36409864127177,-201.27563460200068
-214.60891748046447,-211.88315754810986,-210.8738053381146,-207.7000872986249,-204.54225721332654
-214.42831073317635,-208.59325581237673,-207.4059111214354,-206.01480079607407,-203.74498243737546
-209.6909965632169,-208.2393737049722,-207.04177469577095,-206.1517854348657,-203.63067589562573
-209.6426218545351,-207.96989409054174,-207.33211203934968,-206.58522601875725,-203.92488140892465
-212.8822451805275,-210.76154803533476,-209.65763875623225,-208.3327799805111,-206.82175791986694
-212.8822451805275,-210.58963480053552,-209.21515117952106,-207.4759415929285,-205.14181409157902
-211.7477250154185,-210.0988667433824,-209.14093769378894,-207.29605793093526,-205.14181409157902
-211.7477250154185,-209.3710037930846,-207.63566115636235,-203.57905906262414,-200.44253519381985
-206.93661651516027,-204.86050488075307,-202.5251079616499,-200.9929969743622,-198.70402190532786
-207.9938548029871,-206.3176664162126,-205.15365640833136,-204.44533478341407,-201.73820532309563
-210.59921543923681,-209.38429333177373,-207.49139120384413,-206.38413072130734,-204.30106085831738
-212.73435859352634,-210.33683222099506,-209.40150016993277,-208.23474160573375,-206.30307839429997
-212.73435859352634,-211.0212570232045,-209.62711847260542,-207.58612053569578,-204.59236719276626
-221.20086381590124,-217.3395927445747,-212.68121850193876,-208.26861019093894,-204.59236719276626
-228.8119627564174,-225.52911976179195,-221.20086381590124,-218.25134129427477,-213.6278548274137
-230.0140702004554,-228.73197345621873,-227.39056829903714,-226.1115812457455,-223.1101585153682
-233.84503638817517,-229.86951531124078,-228.643607463741,-227.83848202989137,-224.87018260602423
-236.54777379887344,-232.87338723327403,-231.46331794033375,-229.4331704336644,-224.87018260602423
-238.82653165493727,-235.69321716105895,-233.30016637070128,-231.97042663331715,-229.96904173215594
-238.82653165493727,-236.7172492394567,-235.52158033264735,-234.237435668447,-230.95948356088203
-238.54484205477928,-236.00965896520637,-232.0566196600231,-229.39599322000157,-226.27929817158147
-232.10476244787358,-230.4501164049887,-229.22100208766798,-227.91716747346882,-226.27929817158147
-232.10476244787358,-230.24581102596446,-228.3406363504737,-227.54562122695194,-225.2783931838479
-231.1064385121561,-228.87417936821691,-228.0356002952305,-226.82945362602342,-225.2783931838479
-236.71445754799754,-233.83365788306938,-230.76527346021666,-228.90336942912657,-227.04067766029726
-245.76707826007575,-241.81491267112622,-238.956495160437,-234.21649001648245,-229.46748381798247
-245.76707826007575,-243.30443138241458,-242.66889167572165,-241.79771472874972,-238.93506245586437
-244.8363332624111,-242.91467361291558,-242.18898435021856,-240.69923666834197,-238.19975282072895
-244.8363332624111,-242.25199572432183,-240.95084061164852,-239.93059190614525,-237.50222397136966
-241.4752078268796,-239.6811601920174,-238.77840331110917,-237.908664938517,-236.69827409414216
-246.3049833499294,-243.58415694498518,-239.3928987560302,-238.03913253921542,-236.69827409414216
-250.60158508705612,-247.18922572868178,-245.64212552191736,-243.89999337153859,-239.4717585827012
-251.32470040348983,-247.95817229687736,-246.69094234491345,-246.1137192140638,-244.60487639351302
-253.4507118842418,-250.8456059321622,-249.25848919524753,-246.31434660187796,-244.60487639351302
-253.4507118842418,-251.3695704893661,-250.28247278094466,-248.59798573147418,-245.71330116988332
-253.2232212525974,-251.80804979363893,-250.39295498839556,-248.09601581491592,-245.71330116988332
-257.24296797958516,-253.77428167736508,-252.71423191097654,-251.94925318098942,-250.21571230374525
-259.38932801367326,-257.58933477477177,-256.3784232484523,-253.82639715374364,-252.40813978516357
-260.31950756441387,-257.6920271467419,-256.62681395212206,-255.96936480675254,-255.0005651361802
-264.9909706427394,-261.08278444131474,-258.9399274816517,-256.72543281288984,-253.53812116876958
-264.9909706427394,-260.30753577954533,-256.21192775058114,-254.145449831435,-251.42774366491642
-257.70317339912043,-256.3003674513777,-254.8911491222314,-253.56338634056686,-251.42774366491642
-257.70317339912043,-255.78346690016514,-254.37074993743096,-252.97660588143884,-251.25422639369577
-257.5475614140974,-255.84992038567515,-254.92048123580702,-254.24575691436957,-252.43166439281242
-261.7463842035762,-259.6177379357494,-258.1350766279221,-255.05730900734173,-252.43166439281242
-265.2844427777692,-263.5680484933905,-262.0646159143836,-260.1526269230097,-258.0165127087298
-270.30741408573715,-266.47980606636764,-264.6498802237786,-263.58634796551297,-261.2294048284039
-270.30741408573715,-268.6297597804107,-267.61848488094677,-266.12349849173273,-263.94358584857514
-270.30661577747804,-268.0579240234917,-263.7367361412256,-262.29522690367855,-258.3529009294712
-264.2373753602021,-262.2061122911739,-257.8471793323025,-255.79650674181627,-253.2449698403062
-258.0967635000175,-255.31316147199212,-252.73609308231545,-249.56773931750755,-246.36535003161214
-251.8742164316725,-249.95088566052243,-249.25819961224067,-248.26874252735735,-246.36535003161214
-252.77350901480196,-250.50260882184602,-249.76044292723742,-248.474473241788,-246.5491244914532
-252.77350901480196,-250.1578987311802,-248.42533780268457,-246.32163851078025,-242.3242861708539
-249.713509180395,-247.07401563563934,-244.36345854905684,-243.2986831421158,-241.7966417012075
-251.36247707893605,-249.68466361770024,-248.5196453222191,-243.96463076069327,-241.7966417012075
-256.17268300477576,-253.71895097323767,-252.45704385854435,-249.8358097169737,-248.5107216207384
-260.71136542902633,-258.8347563733121,-256.01880408611134,-254.1217550324942,-251.88109290778027
-261.51275522467483,-259.80743321990565,-259.17812124957914,-258.3326541265634,-256.33787057508925
-268.36578853819316,-265.26055648466297,-263.3796248468728,-259.2445818343939,-256.33787057508925
-268.36578853819316,-267.1931819550572,-266.43392145871127,-265.4559836945027,-263.29114666306447
-268.5264020950004,-267.4479442444004,-266.42416622154553,-265.5248035820498,-262.5788484032466
-270.937102529884,-268.2867535409026,-266.27311600302977,-263.77445127861625,-261.581046345119
-275.92697487147234,-271.5805833305191,-270.4936692009292,-268.5302197808734,-263.37540622518713
-275.92697487147234,-273.5466999138597,-270.9493043749226,-269.8929893708509,-268.28574192511485
-277.78134503697345,-275.59569801133784,-271.47818175667146,-269.80290039444856,-268.28574192511485
-277.78134503697345,-276.3425067481598,-275.8062150368637,-274.7654178467093,-271.77497576101734
-283.83242274146534,-281.33672790360595,-279.43632691491393,-276.1694806389836,-274.2859348866476
-283.83242274146534,-281.5389901869846,-279.91335166355464,-278.4758321310695,-275.9052934098729
-279.84262425450584,-278.5287691081325,-276.9618280590971,-275.53127128804715,-272.2245468040196
-278.28063068372273,-275.8044674671472,-274.9410646308414,-273.8856816416403,-272.2245468040196
-276.5553221349936,-274.38111996076304,-271.8306865105841,-269.0739235930921,-265.02072524586333
-271.6091393649857,-269.25000315759416,-267.1281039295531,-265.73994345703926,-262.8974299274481
-267.1948204409744,-265.1003040559424,-263.3773748000986,-261.1172350621696,-258.9485018040354
-267.23735229620553,-264.75804985692423,-263.1148944677451,-261.17460488253874,-258.9485018040354
-270.62823383722457,-267.99965498881863,-266.2323764227194,-264.4488622651476,-261.87839694253523
-270.05105175726084,-267.14471384742603,-264.7872089014634,-263.3683718056258,-261.50490961221925
-265.7890322677854,-263.574867096621,-260.8194489962977,-258.48980231594385,-254.75472589698586
-259.7351906008408,-258.06189491475664,-256.86433815383486,-255.80305133470483,-253.83961433937384
-258.69057030077425,-256.25830189005944,-254.8660774133818,-252.72340597700688,-248.8181798125015
-255.22054293610114,-253.54107799676223,-252.36008229820638,-251.49534089348734,-248.8181798125015
-255.33493041784038,-253.14605547958465,-251.83456522091683,-248.4889269641482,-244.58816855189966
-251.5555782587493,-247.23992669124624,-244.49104768380585,-242.6427538402258,-240.27183788286032
-247.24406621592306,-245.57200852905228,-243.28803098641575,-241.93874901014783,-240.27183788286032
-248.66143403013461,-246.9473054920416,-245.70658390362541,-244.19770688970755,-241.96374778596532
-248.58620351122588,-246.32225980379772,-245.2303072533852,-244.17919007450809,-241.88054969564172
-252.3078587360025,-250.15148428565578,-248.6111126184889,-246.13061790842272,-244.35434429852086
-258.8211340863324,-255.2275126045285,-252.74073990055862,-250.73136364128118,-248.98275812868985
-258.8211340863324,-254.5850976170517,-252.29409905851816,-248.52565623232852,-243.36734220395627
-251.7565246963662,-248.54114769724822,-246.6083154769512,-244.93291788635094,-243.36734220395627
-250.02466799264604,-248.4388259113303,-247.53939851632427,-246.03085951856377,-244.2459082894448
-250.02466799264604,-248.27153908429202,-245.82618030788535,-244.2405229781544,-242.8393704793433
-252.0722954465892,-248.26890218747724,-247.08496902436366,-244.99446927143637,-242.8393704793433
-252.0722954465892,-248.3603709966424,-247.13475175891574,-246.0166798378282,-243.58529614782364
-251.90532681865994,-249.32162365862595,-247.00931552304252,-245.95684563755484,-243.58529614782364
-251.90532681865994,-247.1989941241148,-246.2924768890809,-244.10647740000735,-238.905023615248
-247.21933641968187,-244.14222506173127,-241.63842340863823,-239.99122277420497,-237.9635851259967
-252.87686232735328,-249.01480869989433,-243.74360086311427,-241.31607608025482,-239.23035715918223
-258.53993553490665,-255.3859946883312,-252.21048877045973,-249.66055473645903,-246.13069800936827
-259.48045903215035,-257.4287820288374,-255.68321574802513,-254.7207661554317,-252.08527024689306
-259.5850546364747,-257.29195182913804,-256.25924395639606,-255.32882724705334,-253.36537004109977
-259.5850546364747,-257.9747361504355,-257.2380716405515,-256.46766608715336,-253.40213529585128
-258.944408305627,-256.9216311562009,-253.74710492875758,-253.10174795693962,-251.15053343307238
-255.04699739905817,-253.50664526600258,-252.9915394765862,-252.44844935687414,-251.15053343307238
-258.69603848797937,-256.66393799804007,-254.93439258703515,-252.99025555317763,-251.1844291366134
-259.7102030478789,-258.24416288185955,-257.5870924685132,-256.96094707719,-255.42817990072402
-264.5226709812493,-261.6314462977792,-259.1741288366216,-257.7272291887555,-256.5720098779361
-266.1360822544156,-264.4149238166399,-263.49180541249706,-262.0348697755829,-260.46254018347935
-266.1360822544156,-264.56856336784676,-263.78764080582806,-260.8692512476216,-258.89609994894846
-264.74975813384634,-261.92979269192426,-260.1318066913192,-259.1924783755809,-256.31838477075263
-271.8196534381236,-269.64029730942843,-266.31912144102205,-261.65855350341997,-259.07955844307736
-272.8904501356556,-271.6831871209173,-270.7531615277365,-269.7486096760026,-268.63505216358277
-280.13957376606425,-277.1336371260858,-274.7522385969813,-271.793930241436,-269.89527318763174
-280.13957376606425,-277.608079896019,-276.5430092093685,-275.695955911403,-274.41041248085264
-279.68002799661355,-277.64438914909533,-276.489551077953,-275.568434850797,-274.41041248085264
-280.15519605129134,-278.37066307356747,-276.628017617384,-275.67345420860374,-274.17222957675057
-280.15519605129134,-278.35538646062787,-277.0564784039142,-276.0900357320379,-274.68387778467326
-283.89669431353735,-280.9114898749727,-276.85171332961875,-275.1971920464623,-272.9598721933117
-286.5201468974539,-284.41895860862155,-282.9596520917899,-281.23630387819094,-274.5119453009026
-286.5201468974539,-285.14122055759606,-284.2891143174761,-283.42389665671556,-282.33339382949794
-289.83691949324253,-287.82397029641743,-285.56394319923714,-284.3857646155674,-283.15028086147584
-293.80603613368726,-291.01424006315835,-289.39305133953377,-288.09725744684175,-284.7617400252299
-295.31255316759575,-294.0440547201546,-292.8745242203016,-291.02300263591917,-287.648190407477
-300.1993787746413,-297.7532668997433,-294.37553411218545,-292.66711048809884,-289.4444622962053
-302.24988791117573,-300.93857273203685,-299.8750937109306,-298.0796548372798,-291.167954280515
-310.0738076613347,-305.8175154403962,-302.94944077339267,-301.3914026040026,-299.1834727993848
-314.625982076951,-312.80820313310517,-309.7434233314782,-305.8175154403962,-302.5832436958264
-314.625982076951,-312.8948730810778,-311.3078662214559,-306.94782934091893,-303.80351608893847
-311.42083802379443,-306.80297136641684,-304.4588800147033,-303.1815493180439,-300.51982219101586
-306.53478739980807,-305.63191092448915,-304.5245612570694,-303.6606931692107,-300.51982219101586
-307.17530602138146,-305.66582049141107,-303.72799499847537,-302.1789973751533,-299.6245548706111
-306.6420136327031,-304.8451637805751,-303.3538598585866,-300.8694300558685,-298.65019394004685
-305.40512700527125,-300.6926954686211,-298.714327936059,-296.9516105337846,-294.0440807878425
-299.0696809735188,-297.02574338774235,-295.84873491286356,-294.2271718087586,-291.7041409756481
-297.01492813923625,-294.21966397355703,-292.635487626973,-288.6485454715811,-286.6010439652335
-293.9942518327909,-291.955070927909,-290.50147441841585,-288.5942773943392,-286.6010439652335
-293.9942518327909,-291.81107671664716,-289.37935949411957,-287.6078378437044,-285.8985214553465
-290.23562362227915,-287.1812629884839,-284.6031033646515,-282.8240682480885,-281.18555785243166
-284.6320464455107,-282.773662725197,-280.9875850475303,-278.57695759373223,-276.9417776840625
-287.0331962002808,-283.88027845043325,-281.7718838347465,-278.5580278529949,-276.9417776840625
-288.1028495443704,-286.76912886066805,-285.7405314053739,-284.0347771584267,-281.10952083129627
-294.3875212221264,-291.38968921217395,-288.9438179543646,-286.7279274331289,-283.33784606946205
-294.3875212221264,-291.8231417972317,-290.69246032122413,-289.16435734712115,-286.43468836114664
-291.1582746595685,-290.12786772850035,-289.57860820953096,-288.97574362593684,-286.43468836114664
-296.40439978023744,-293.33612096550536,-290.9935446502978,-290.11863342355633,-288.9435371467572
-296.40439978023744,-293.22442761768355,-290.3590985114881,-288.5560308708469,-285.7399327805952
-291.211147523527,-287.2583293960113,-283.69077794081136,-280.48952725569256,-277.21817829711966
-282.3583294671631,-279.5278806641231,-278.69574840609,-278.3073504886269,-276.734183396386
-285.72869051924226,-281.4209113226988,-279.151289265331,-278.37341364627014,-276.734183396386
-288.37635009845394,-285.7063620845603,-284.44519896329587,-281.4234598577652,-277.37093887560366
-293.28158474764126,-290.05550306184654,-287.7211460750399,-285.63281274674904,-283.3439407875623
-293.28158474764126,-291.5046594901047,-289.6166043697353,-288.40377277817333,-284.9857489119267
-291.17980746392095,-288.2286997766697,-286.80031435923473,-285.63160150252827,-282.3911212038595
-288.2870836458732,-286.29079021678535,-284.4621285522244,-283.538758721435,-282.3911212038595
-288.03472544837837,-286.33671630083234,-285.5163474690842,-284.174163433496,-282.8781197995582
-290.7217401416625,-288.9844278637709,-287.585467873679,-285.97386418109255,-283.134107820251
-292.19616661976596,-289.5378168559167,-288.10353044047986,-286.28716312949814,-283.9394815895538
-295.30834417226913,-292.33351446728284,-290.94993592997514,-288.8578399250756,-284.21288777019026
-303.34640167312784,-301.61906655369614,-296.7238397348908,-292.28222822336187,-288.89796209532136
-303.34640167312784,-301.8428229849455,-299.0356442907855,-296.4066477590879,-292.8767943975969
-299.04053188353635,-296.9438719418519,-295.72749349026645,-294.39922188750796,-292.8767943975969
-298.61108159440187,-295.3093277671248,-293.22552771748553,-292.0975459125351,-289.0571311162729
-295.69577144656716,-293.11075449883975,-291.83788654407834,-290.83676807425155,-289.0571311162729
-294.93701001645235,-292.62479861996565,-291.6785689156176,-291.08526805166144,-289.46601528021307
-294.27471745804763,-292.3179603089004,-291.5165906622352,-290.6522561369966,-288.79347501975764
-293.0949243772993,-290.59695924028944,-287.0842274339475,-284.2424858729532,-282.3383726287701
-287.50096370989206,-284.62242588263445,-283.75247908993344,-282.79020993258604,-276.457985476121
-285.08437852308026,-282.60118415742056,-278.3498765041876,-277.39536538665004,-275.20093975311755
-287.6369269146933,-285.94443694070674,-282.0294751377174,-278.2359005261138,-276.53656853397354
-293.01041285947997,-290.71162116485345,-287.88716367375343,-286.6159024696333,-284.1202990403606
-294.36328592933796,-293.01041285947997,-291.827081904721,-290.3812499700705,-287.5344980201344
-294.9862585021641,-293.16209854046883,-291.838991229704,-290.79502263248196,-289.0471068586975
-294.9862585021641,-292.29495059270056,-291.347141423235,-290.7702706542081,-289.47724865057035
-292.2580135124408,-290.5998069701097,-289.01862270661076,-286.65234076080554,-284.6952128164086
-292.26030503409095,-290.00173778557894,-288.23349703249994,-286.6942131292859,-284.6952128164086
-292.26030503409095,-290.897018228614,-290.23305774498886,-289.1306580949813,-286.78637438760876
-292.27395429536006,-290.0141137684746,-289.21989728396807,-288.2759847106794,-285.416100784218
-294.43398543983506,-292.3193531025875,-291.25507892319513,-289.94678964462685,-286.40960850776514
-294.3596169637649,-291.61729155446636,-289.9310319414997,-287.57905002315215,-285.7768276371563
-289.1688092130586,-287.43842349782466,-285.8099643122566,-283.39250105988737,-280.20188309658346
-285.8822944679394,-283.9880387725288,-283.40322955449346,-281.6098354801036,-277.1450818764065
-285.8822944679394,-283.767450927993,-280.0320496683176,-277.93439328294716,-276.13327903611014
-287.8137653692777,-285.8331300417829,-284.57734548664206,-279.96861581402356,-277.24273145056
-288.94262178120374,-287.00119209763784,-285.69001365605953,-284.6978683376335,-282.94188156312686
-291.3597732850765,-288.4743761622683,-287.67873294973765,-285.77325738200545,-284.48792463039325
-291.3597732850765,-287.9903750424833,-285.8003938684395,-282.4542758429594,-278.97109639180314
-286.37809913987087,-281.75177845178627,-278.8473700765606,-274.5280872063919,-270.88379956487796
-276.05265094774796,-274.35192771576044,-272.8923886780306,-271.5704606338452,-268.9232236251386
-273.84039744545413,-270.3608340016062,-269.18135943561856,-267.8697844720127,-265.358998961561
-276.8799751922356,-273.2835552039541,-270.8061444691641,-268.65821744737394,-265.358998961561
-282.1943571207344,-278.9447709609479,-277.33478985300206,-273.34759470890145,-270.45431581855587
-282.1943571207344,-279.58790846457714,-278.5921783218976,-275.111637298836,-272.5081771965559
-279.76617888624236,-274.9753387907962,-272.86460308781574,-269.8628386815506,-266.0676935863219
-277.62557720214994,-275.07748211147475,-270.7037539444058,-268.2505354798145,-266.0676935863219
-281.9308527584135,-278.81156020164167,-277.2173333410099,-276.0396102264573,-272.8504317368706
-286.23347821484725,-283.1072820002338,-281.6425067197447,-278.9143783127787,-275.1767562345691
-286.23347821484725,-284.11947490190084,-283.39005006898697,-282.7199839307025,-280.0573022282164
-285.5223369765896,-283.94127815269906,-283.20707153833865,-282.430343033044,-280.8644561174632
-285.5223369765896,-284.28730938153444,-283.6976344167317,-282.63300839001596,-281.0969475435687
-289.3447400505494,-287.384503615966,-284.19586391905784,-283.0552512253829,-281.0969475435687
-292.9217591972334,-289.4203755940796,-288.33524637147167,-287.27236860741846,-284.0992133918881
-295.79484717837835,-291.9008218363556,-290.67662841068955,-289.12000611486786,-286.56687408397505
-295.79484717837835,-292.4828616243899,-290.7077773126056,-288.9041795889517,-287.1605210343682
-294.1795780098517,-292.4800568518689,-290.78859793623786,-288.9136908827369,-287.1605210343682
-296.94469670653837,-294.83096542599606,-293.33495413585194,-292.32808309930914,-289.83843191175043
-296.94469670653837,-295.2527788881768,-294.41054279116156,-293.08315478546723,-290.6222298870272
-296.37129033267183,-293.67606203995945,-291.14001821159655,-289.294379453362,-284.0806835925268
-291.36347843578767,-288.7197045833964,-285.6362343603536,-284.52845358906086,-282.3571573206325
-288.4979290615806,-286.4049834591209,-284.90053916456446,-283.9113447177479,-282.0240179245866
-292.2012424091557,-289.1395786763855,-285.99693705617085,-284.2833932810817,-282.3352073131041
-292.2012424091557,-289.9294691092832,-288.7937312931874,-287.30247161063625,-285.0132016761191
-289.91470888856963,-286.80822505147347,-285.60130791848565,-281.2687627282196,-275.9576127627607
-286.0931376776984,-281.84195687985505,-280.3421868356502,-278.12500425259697,-275.9576127627607
-282.9549028671561,-281.0013280506826,-280.48731750672795,-279.57855487128325,-277.02755718009564
-281.5349232520218,-279.53647041244284,-277.0692139276414,-274.6459829826742,-270.40165373507386
-277.60236117408124,-274.6459829826742,-273.05923049773963,-271.46371040550196,-269.99267256922303
-275.4128224508007,-272.9689007172119,-271.4233542147192,-270.2328312588413,-267.59651596110956
-275.1768822845475,-272.0961923831917,-270.8113915311151,-269.9752745640045,-267.59651596110956
-280.39137253662824,-278.50072186861155,-275.46456853832206,-272.70697005041205,-270.29287714644005
-280.39137253662824,-278.7194890898157,-277.4658794680167,-275.65412858344155,-274.01647096114397
-280.1268469762567,-277.84513346737685,-277.1117918823175,-276.0464525140218,-274.01647096114397
-285.0391099150323,-283.1330816230922,-278.5001059198751,-277.4272959250972,-276.3857169768139
-285.586823548364,-284.447016713621,-283.91548552737714,-283.1330816230922,-278.0049269606793
-285.586823548364,-283.97457649200646,-281.62076050035057,-279.5981839621093,-278.2733639643058
-284.460149297635,-282.2289650822041,-280.66523406985766,-279.6135043099201,-277.63067553772817
-288.3907089179223,-285.8504331292481,-283.66570650039563,-282.164797152088,-280.71492068398254
-288.9005468883705,-286.6563840611259,-285.71848790720696,-284.70410075199595,-283.47234106775045
-288.9005468883705,-285.3646352522482,-282.76630466182974,-281.1005550969348,-278.4621726046802
-290.2168154801803,-286.5001759134266,-283.18674724947743,-280.9202425248051,-278.4621726046802
-296.4057569078004,-291.4844856583393,-288.8039451635896,-286.99736267159585,-283.77514929407255
-296.4057569078004,-292.0922496761252,-291.3603369060904,-290.6284901146589,-289.3925360988716
-292.1076151908958,-290.9659920703874,-289.87877522719265,-288.5992585181763,-286.87068611634436
-296.871555199862,-292.99875525252276,-291.28931047069256,-289.1471950703212,-287.35567143503437
-303.17284842796215,-300.2088645488665,-297.7351360530207,-293.6800821902739,-291.82870630876744
-306.0486679783467,-301.7296982537854,-300.6580259530052,-299.748416824963,-297.2407982311513
-307.6257392757518,-305.3496714537704,-304.4070836064275,-300.9332088117397,-298.55427782531063
-310.4767280015622,-307.8603925846337,-305.68198572984056,-304.958367029908,-303.31880582684084
-310.4767280015622,-308.2890590658136,-307.28799980060637,-305.56060711796414,-303.3681033246897
-308.1507868857076,-305.4087798104052,-304.3132030706732,-303.18572058954044,-301.26146287772593
-313.46619846442286,-310.33605088492595,-305.8005663412917,-303.46692886711367,-301.26146287772593
-313.46619846442286,-310.9779061892233,-310.18558496044807,-308.4781107528912,-303.76227268107857
-312.21691519875196,-306.83593114475775,-302.5303293686263,-298.5985825991685,-295.25238487184913
-300.94721245302264,-298.09952081091325,-296.3803280866016,-294.5664352486383,-292.137679672196
-298.218162291548,-295.46972502962404,-294.05784042692966,-292.4961942291446,-290.8743635697945
-295.39872304190027,-293.5738926504819,-292.59852101600165,-291.8626319276723,-290.37716528518445
-298.10136923113816,-296.1628500319244,-294.66192887826213,-293.42659319197014,-290.37716528518445
-301.9651200354878,-299.792547448059,-297.77242836117284,-296.1651428897019,-293.0984830449258
-306.3620816017474,-304.0109704931615,-301.36171579448586,-299.26604595741185,-297.34137997465274
-306.3620816017474,-304.25694698167615,-302.70636430016833,-301.2541625425721,-299.5388066193537
-303.7905859679277,-301.61068764529693,-300.5299017189834,-297.9225988379602,-296.135755261688
-300.9782512025105,-298.49608598166117,-296.9848097282657,-296.14892204829755,-294.98705340067863
-304.0103821221258,-300.89975538695944,-299.4753274772983,-296.3337267862165,-294.98705340067863
-306.83269629093354,-305.24409139342094,-303.29289177686576,-301.34929395457516,-299.4026072925839
-312.3960649031881,-309.03283572469013,-307.89495641529317,-305.9225350467037,-303.72520801047534
-313.56384645020665,-311.60744332160215,-310.7154659168162,-309.51304768343266,-307.513063206163
-314.4153162141195,-313.31043236427234,-311.99683724152396,-311.0195781607754,-309.8832281170257
-315.46739901629974,-313.7432948871302,-312.29673816670487,-310.90808051303827,-309.458627524596
-318.55551121244105,-315.46739901629974,-313.7421866750084,-312.51184700590596,-309.973743422916
-325.0658068099525,-321.6870295434612,-319.04864282589097,-315.2075218190504,-312.4568067009442
-325.0658068099525,-323.9497445193619,-323.0523205102355,-322.08593489079993,-320.0104514525515
-326.92969458667415,-324.79982278279897,-323.6869594110406,-322.9767136998228,-321.47038586083744
-329.2130445193554,-327.4843308668838,-326.32881286168345,-324.8097037360046,-322.8857048859301
-331.3471311643697,-328.6712076313078,-327.59332838354203,-326.8318535700655,-321.9059739820769
-327.8578447554301,-326.5257255281028,-322.3006377868377,-321.368413205919,-317.7673517137109
-330.2472526070069,-328.030052794571,-322.7979809333847,-320.6472676573843,-317.7673517137109
-334.6758086191205,-331.96871446568247,-329.6642978601917,-328.23074891441195,-324.89583121037174
-335.5985848526675,-334.2308735022116,-333.1048744149858,-332.10276915718845,-329.9439044059421
-337.52350652315306,-335.4800987728588,-334.60613576373436,-333.26836548234087,-331.41706243632234
-337.52350652315306,-334.7724135436198,-333.77186735691635,-333.13141460347526,-332.2564671945202
-335.13223128925983,-333.4907741939323,-332.06290774120794,-330.62417921574587,-328.03572796145556
-333.46536429335265,-330.6318611326649,-328.43242795271823,-326.92161434802284,-324.3754571348277
-329.17082363922754,-327.3226726189726,-326.4737951625152,-325.78865557338116,-324.3754571348277
-331.80324832679634,-330.3643068434922,-328.89917696136064,-326.68539557281156,-324.5606924027741
-334.37079621905957,-332.2402696386365,-331.2220448015549,-330.41554907598214,-328.7984033741875
-335.95302975917633,-332.7228154211675,-331.3301142940904,-329.39989980980704,-325.1336908930129
-333.76230509869407,-330.9124747286237,-329.2608836449502,-326.36260066776464,-324.9726402418198
-341.0705372675342,-337.8369196556664,-334.8087253604733,-331.1691878996064,-327.59688098666976
-343.66743221254933,-341.9697035548478,-340.2159625825,-338.1866016327449,-335.21679476278916
-346.39835770884315,-343.15696531608705,-342.01859811191696,-341.20401544312233,-339.57522557367906
-346.39835770884315,-345.09583297807865,-344.175337517955,-342.14723796108467,-339.57522557367906
-346.4837048226167,-344.81484105806953,-342.427796100851,-338.8792220605805,-336.95045712462314
-343.7186607940459,-340.24557535048615,-339.31791524963427,-338.6596964384782,-336.95045712462314
-342.89705256624546,-340.6467827798517,-339.98796988081483,-339.1089000046945,-337.4952317045607
-341.90209282464133,-340.17222716581205,-339.0976560751395,-335.957755176981,-334.45711916826383
-338.8050189712332,-335.846409420512,-334.86564770264056,-333.6747991284668,-332.31163993162534
-336.8424844459056,-335.44517879903117,-333.7695070796991,-333.18741351702266,-331.341199273096
-341.4696091286248,-338.7021007231632,-337.1837343106399,-335.6293200541146,-331.341199273096
-341.4696091286248,-338.9204128953217,-337.74907667452766,-336.928036215081,-334.21500703522696
-341.4828805145679,-338.7204073252494,-337.690086592464,-336.67770256703085,-334.21500703522696
-345.21239183520163,-341.6461269539467,-340.3845141120956,-338.92052843861507,-336.50992345855605
-343.84317093374443,-340.86876111581944,-339.4635704972832,-334.54537833306813,-331.89672196547576
-339.2366338739759,-334.42944713464647,-332.1926499966445,-330.69957237748133,-328.0462107277229
-331.69393545161256,-330.0051972368433,-326.4254548941348,-324.3342683536332,-321.69131638361966
-332.61430195895224,-327.58701930629354,-325.6377394067301,-324.06393427292676,-321.69131638361966
-334.0379983769079,-331.85225484926764,-329.91441917057494,-327.58701930629354,-323.0448173458458
-338.46790137158604,-337.3618170966226,-334.4957582187185,-331.25502147564043,-328.46614931240555
-343.9414907507705,-342.19761742535803,-340.3872934159775,-337.64800154208217,-336.2567963612332
-353.84654595932005,-350.66490615432946,-346.54779496965216,-343.0913109482086,-341.26998265322965
-357.2183049326065,-354.2412013943254,-352.9703974740502,-351.76989305117775,-347.4166289286283
-359.5329483937648,-357.05878284517416,-355.66312971527304,-354.3467667240923,-352.68995967193814
-361.21964680167696,-359.3765645007618,-358.40259985389827,-357.2113757664233,-355.69922079193867
-363.77466844977806,-361.48957511217685,-360.1386623730025,-358.6691044971095,-355.19422223513374
-363.77466844977806,-361.0264095404312,-359.99169049375314,-359.0467898396034,-355.19422223513374
-367.38006169569434,-365.3971476599561,-363.3996754544929,-360.35775564560805,-358.389756534156
-367.38006169569434,-365.94729293638073,-365.1530764356493,-363.92872924161804,-362.0514329199375
-366.7549963456228,-365.47908528439564,-364.38978373804525,-363.61586584097876,-362.5612916260224
-370.47821484905216,-368.07010207647215,-365.7533473202278,-363.6766589241306,-362.5612916260224
-369.93726502145046,-366.2316805856548,-364.94757219493937,-363.52668276149615,-362.04459603160336
-366.80790463246916,-363.95091989086256,-361.08225947534453,-356.1240513166093,-352.84851880322515
-360.3437830419398,-358.5666439376821,-356.7707940193211,-355.31587640050566,-352.84851880322515
-360.6084846804589,-359.3124244427311,-358.2190779228078,-356.89249282457075,-355.0929416048506
-366.72577060778775,-363.0728030303626,-360.6084846804589,-358.7135365132127,-355.549449406773
-368.66728915177833,-366.573053776423,-365.5608059082204,-363.5610091947043,-362.3582191437096
-368.18887413482,-366.1034972619208,-365.36795380169025,-362.13162640355216,-359.5910722611349
-366.96669537152155,-361.9697293734894,-360.3447585032169,-358.73606883435394,-357.2115504563282
-365.5461335107494,-363.6832152745669,-362.25229200938423,-359.7412079089541,-357.2115504563282
-368.01837380616405,-365.9943419287244,-364.87525300442366,-363.6895082693246,-362.7834992849614
-368.01837380616405,-365.72314511189103,-364.1005772826825,-362.8312640625274,-361.72740003342693
-366.2075287240669,-365.30096270011364,-364.5157173509622,-363.0416665479503,-361.6612692091645
-370.8776254752721,-368.19937152518105,-366.3682280972357,-364.6453871065775,-363.24672219553537
-375.1362248965751,-373.6486944678267,-372.0354769468131,-368.62794855459106,-366.3598112962873
-376.69376369933553,-375.01395842631194,-374.0584348731448,-373.3715806189839,-371.4648189031689
-378.9506899800343,-376.8830335278832,-375.8620194407611,-374.11337136858685,-371.4648189031689
-381.37007322906425,-378.62301512279106,-377.1330907476147,-375.9758992360794,-373.7960118552527
-381.37007322906425,-377.82067056203243,-374.5561591996277,-372.6382356059507,-369.9975787500835
-373.9126098582038,-372.07690495414,-368.6715680837521,-365.91033093992223,-363.0998387771861
-368.0457799256562,-365.37802282102655,-361.74974201249626,-355.56887171810786,-350.92208476838147
-358.786437513683,-354.80637460149717,-351.2660491483845,-348.39120455065444,-345.44362584671734
-353.4426154313544,-350.39319245614,-348.70514332512084,-347.3928357111978,-345.44362584671734
-352.7820825593367,-350.6268518843683,-348.0497236581798,-345.05043780794347,-342.35459760987544
-347.69157071552814,-344.58538973028624,-343.42195995257504,-342.39409544246746,-339.2560236274756
-347.09743536929267,-344.2260010565603,-343.36917525838606,-342.0079515778384,-339.2560236274756
-350.1286361052425,-348.5397460137614,-346.6385856127072,-344.4506897035601,-342.01800526601403
-350.1286361052425,-346.9872815460362,-345.22596153027206,-342.4814021501382,-340.82462664048774
-349.9300705584543,-347.6408934638883,-345.2933800638666,-342.3992773777375,-340.82462664048774
-351.1578986748483,-349.1997888190065,-347.9883911522174,-346.77524212421326,-344.3894429722849
-356.0240379589072,-352.58577350658265,-351.0561751961317,-349.2664587235611,-344.96819086500835
-356.0240379589072,-353.22975320426514,-352.00566157506694,-350.93385633166235,-347.90210186105634
-354.5658363464533,-352.2978308770649,-350.71912040765136,-349.06636138751963,-347.4439495897244
-354.9406324987197,-353.45031636745966,-352.7185464973692,-350.90986366579216,-348.83336705478723
-354.9406324987197,-353.5677856941077,-352.88321492906937,-351.73714395207696,-350.01636648014227
-356.65745196717387,-354.44717299391147,-353.53247496465895,-352.0018634635899,-350.01636648014227
-358.3861576273008,-356.6015806521203,-355.26173939073016,-354.27974706457974,-351.61329604027173
-358.8904260093019,-357.52614184003096,-356.7518672493834,-355.7554571965535,-352.79578478325516
-358.8904260093019,-356.69756041252157,-355.4979405131628,-351.8333679510993,-348.43487761328174
-356.8336432904786,-351.47993139195717,-347.3420150162802,-346.09114294235866,-339.77323650729716
-348.0530460756876,-346.13114757072316,-343.98859671336595,-342.15829476168346,-339.77323650729716
-348.1506021843617,-346.1882333546266,-344.9696616068704,-342.25632490257857,-339.7976245794612
-349.5279899339052,-347.7326799263784,-346.89214059766164,-345.9825476791805,-339.70120942297234
-355.4030331893681,-352.5367019437855,-350.75167874849905,-347.84380104871013,-345.986505274924
-355.61940430803924,-354.01076872804856,-352.75540416558596,-351.17463305111426,-348.8502926454108
-360.10716855568006,-357.4522813661119,-354.29719184946754,-351.7895980527935,-348.8502926454108
-360.10716855568006,-357.40065710825314,-353.2653263815211,-351.01333390609136,-347.78389529162473
-354.05521916797534,-350.87764275578013,-348.3975931078163,-346.47009725762143,-344.57346816101284
-347.7216354540212,-346.3152506160725,-345.4362163001347,-343.4532747438467,-341.47016364844967
-347.46941414486673,-343.24294233454265,-341.6108208440573,-340.3401641152376,-338.7976792081713
-346.40195857588157,-344.5185293865625,-342.9286020895121,-341.1227393952572,-339.6612681253603
-348.01519234604444,-345.84176888548916,-344.5844681330801,-343.21612934421887,-340.9425695228207
-351.8075766721924,-349.72020146676437,-347.4212844405664,-346.00780013109073,-342.73078239532435
-353.577030677314,-352.39281925469936,-351.02809295310607,-349.90925514499634,-347.36902466642994
-355.2858109294153,-352.89524979626003,-352.1177464488659,-351.0137303848509,-349.67372528311125
-355.2858109294153,-351.2851166237244,-350.1840289633885,-348.6422356626758,-346.8942097801293
-351.83020590580657,-350.5912244706103,-349.75507198233066,-349.01443348203725,-346.8942097801293
-352.2281288671004,-350.4285994994168,-349.9089148773985,-349.3929661514578,-348.50132737784566
-358.7095471193396,-357.12151617304363,-354.1423238321861,-350.66290788411067,-348.66270763332693
-362.85878749459874,-361.0033195250735,-359.5687738857958,-357.62103453378216,-355.2788639646899
-366.67855458190735,-363.7007277335078,-362.40558437793607,-360.6725510055417,-359.09671066046815
-373.2940238834862,-368.8407622058755,-366.951670099035,-364.0096155312646,-362.20466118206366
-377.76155922395134,-374.64313144582184,-372.25622498786635,-370.1114825004872,-366.87214265145207
-377.76155922395134,-374.59131590882976,-372.3309075469077,-370.47664877799195,-369.01429593393624
-374.8921191861251,-373.3943369828146,-372.18321559132323,-371.1006110875981,-369.10650292029635
-374.8921191861251,-373.5338153111318,-372.03416313507495,-370.6870262964122,-368.41904973543774
-375.68251889058615,-374.2127826435876,-373.4659490772532,-372.1080149349497,-369.48080587011367
-377.541062935484,-375.0132389792958,-374.1829941313981,-373.06671219336704,-371.27174612082206
-379.7674858953299,-377.3116421448674,-376.6978434058594,-375.52410649473336,-373.38258821239583
-379.7674858953299,-377.8030387937603,-376.8545508385787,-375.9703585834597,-374.3333660773577
-379.153429225158,-377.2137098774791,-376.270224919432,-375.120818976358,-373.50930942254047
-377.62779119859937,-376.195990872729,-374.8167120415958,-372.52887112316455,-370.1311805363624
-377.03822810388107,-373.95873366025546,-372.80796280802065,-371.5931122070981,-370.1311805363624
-382.54436488314167,-380.2047597200288,-377.23715529993467,-373.4420959932704,-370.7423157298261
-382.54436488314167,-380.13721690881346,-376.9848294349734,-375.31618976056797,-373.8529869577213
-377.44590646167524,-375.98786296965636,-375.12168898290736,-374.51089060929814,-373.59509628602217
-378.62469041881053,-377.07110817279283,-376.2200423724107,-374.900936204383,-373.59509628602217
-378.5002359917847,-376.473241468195,-374.99954169034254,-369.4190836474773,-366.198091509851
-371.02689094890354,-369.3901116064211,-368.04864042051037,-366.83618959466105,-365.5267979207473
-374.4693900046815,-371.72405368799673,-370.1838921521616,-367.82568125056326,-365.5267979207473
-376.32724055505184,-374.84210171780114,-373.7900857497739,-371.89599585547364,-370.36494799842745
-379.73787725928406,-376.8913189672402,-375.0494439532309,-374.176973526222,-372.63320706595437
-383.95413975119686,-381.0955318522542,-379.73787725928406,-377.5225525942117,-373.3734355065672
-384.5660302647323,-382.95039080425113,-381.4755926496349,-380.09711992946256,-377.66164189871716
-383.6071697126528,-381.5044358378318,-380.0053536453403,-378.8893041392065,-376.1496069898395
-383.5351214033752,-380.50502193599925,-379.1980897082341,-376.3951014912924,-374.4312112046991
-384.0818821785279,-381.72560245841464,-380.0317774982683,-376.4254626114438,-374.4312112046991
-390.1077346164394,-386.692358161539,-384.63053057606,-382.2695975998505,-379.18961191268215
-390.1077346164394,-386.0742276376393,-383.8957230407841,-380.5551864205443,-379.48565726634513
-381.1362986815059,-380.1040044466354,-377.7576075752151,-375.91516295920934,-373.7285652667013
-377.754369153754,-375.60173724857924,-374.17457250127575,-373.4246125293067,-372.037409387042
-375.271371606575,-373.3991912097015,-368.4008258383178,-364.8397970710823,-361.76063117427447
-368.3159806493546,-364.73697774139475,-362.2885284228869,-361.2567064767071,-358.72527197916764
-365.4257643428402,-362.44962973171533,-361.3172955602397,-360.21777709503385,-358.72527197916764
-365.4257643428402,-362.6922068791357,-361.89046822727073,-361.13141608889435,-359.8828709124977
-367.5888793294297,-364.369542828161,-362.5881415966604,-361.15193829992256,-359.8828709124977
-373.8978035859505,-371.6793302777471,-368.63062739083364,-365.5118122847881,-363.0338879440884
-379.3002889018473,-375.83984164935384,-373.38573458077116,-371.94549638247685,-367.82904403497025
-384.6360477132079,-380.34007692467526,-378.4331041947849,-377.1009229916875,-374.41669811162427
-386.9114452810456,-383.55372530454855,-382.24259706185336,-381.01617097126996,-377.5561970116522
-389.51548804080085,-387.8746663394791,-386.11480930564346,-382.6252583058897,-380.9372061360621
-392.4360498545496,-389.97989692192084,-388.1675701253346,-386.6504269084359,-383.498756103298
-392.4360498545496,-390.9541591953093,-390.1274709933575,-389.04437640917547,-387.02419899997426
-395.8678366677829,-393.7233874229167,-392.44224314010415,-390.6141526470521,-388.6680354037625
-398.8613005123305,-397.0720630037988,-395.8025667579734,-394.08159627276257,-392.03082533264245
-403.685105659619,-400.51038355905166,-397.7347311768673,-396.6151193211864,-394.6590419587579
-403.685105659619,-400.37049760517436,-397.1404574122986,-395.69786020678237,-394.215320123044
-399.6908368827227,-396.5863273271236,-395.3865361105376,-393.3359601551922,-389.4072283582782
-397.3637949949417,-393.5634823770597,-390.60285003637205,-389.4763007266054,-385.9819207864911
-393.73026470439595,-390.86951718115876,-388.7064335419543,-386.6500098922657,-385.28898001296835
-388.0149065797622,-386.1183109511241,-383.8074654414626,-382.6490344348053,-381.28958900725036
-390.22960997867676,-387.59684355079185,-385.80278938895776,-383.30179161860667,-381.0424073124755
-398.4317445021824,-393.43669993464147,-389.34796169444604,-387.90642851265295,-386.25011954990754
-398.4317445021824,-395.69390291645504,-394.2348647478119,-393.0392198950776,-389.2913391792162
-395.3722293880163,-393.0762417583465,-390.1044009116748,-386.7834212605207,-384.2736737381373
-388.6131285092708,-386.05855703918616,-383.59927311057805,-381.9067750940175,-380.17711492858797
-383.45391420459725,-381.0504257761757,-377.02317654348036,-374.8965827679559,-370.57809753992564
-377.3240768417638,-375.7651235255816,-374.8772404839334,-373.7798684770124,-370.57809753992564
-378.5874728353204,-376.6553902373406,-376.03535843130874,-375.02197712537685,-372.71598008756206
-380.4766441499957,-378.6312087936403,-377.6714055131865,-376.71226373536575,-374.2774853410074
-380.4766441499957,-378.49623315782594,-376.6876536995252,-375.5601991623746,-373.5759722833766
-380.19937518277237,-378.61155199888776,-377.7303618926894,-376.3041557812413,-374.33510760544607
-383.9694260817281,-382.4578058755892,-379.7548881388969,-378.48294461111567,-376.90855489779955
-384.3702553236561,-383.22042245341277,-382.5236248415521,-381.7038985483007,-379.76880819657384
-384.23382016182603,-382.66094195575124,-382.07279165711304,-380.80697991338036,-378.8655530560218
-386.3906016501402,-384.48656372610117,-383.3065850084449,-381.5384758796494,-378.8655530560218
-385.5765008556926,-384.12287177809674,-381.9223113404268,-380.689949708694,-377.2753287311306
-383.350400763527,-380.6223744412573,-377.71711213588367,-374.33514028695515,-370.01491240466635
-377.6736527611985,-375.89960943561834,-373.18317759500405,-372.2471665781603,-370.01491240466635
-374.61115751833023,-372.67981355315675,-370.9127393589595,-367.6709137157192,-364.8102542406092
-370.31995360060864,-368.9090372081899,-367.8893626176619,-366.7457494561682,-364.8102542406092
-370.86698014052575,-369.1215849137845,-368.37303011624635,-367.36764051661095,-365.16040195823075
-370.494007691164,-368.58265115201186,-367.12224950333723,-366.0792080400863,-364.0125772297277
-372.33613680609955,-369.7867003785665,-368.07801626833617,-366.60514489418546,-364.1060111895955
-373.30679899952366,-370.5856748695043,-368.62850568991473,-367.3351312499585,-365.6191121821984
-374.4224847339432,-372.422514966065,-370.9880018656084,-369.471300120574,-367.05381823969327
-373.19941966882413,-370.21367774890234,-368.0567214577581,-365.516839460552,-362.12305485990527
-369.061767299244,-366.3422048381268,-364.69268316692734,-363.10833255454236,-360.93392036277714
-369.44163744387134,-368.1248786879043,-366.30981582724166,-365.33108701342815,-361.7906576056979
-369.44163744387134,-368.06299435573635,-367.22165411532376,-365.41029049159835,-363.16329036471257
-372.80303378559836,-369.8330719500633,-366.25184072103445,-365.0675612623648,-363.16329036471257
-373.0585904842093,-371.31433784326134,-370.27472173603957,-368.0824701123567,-364.3113267655772
-376.7279749188146,-373.96326274758394,-371.0039729479387,-369.45281150246853,-366.9531878908612
-380.79397548114224,-378.61429765602617,-376.43184111442906,-373.8614929461434,-369.25607974376527
-386.36390318583125,-383.39592232845575,-379.396414971305,-378.61304820114356,-377.0798112408109
-387.4988233743003,-385.20345231166306,-383.81976917999486,-382.79758880080493,-379.4179311929856
-387.4988233743003,-385.24076412759894,-384.0791585588619,-382.9474599492571,-381.3261423385577
-388.7632853589868,-387.0473252359389,-385.28682713240966,-382.99554278320704,-381.3261423385577
-391.83346757958753,-389.2239726795863,-387.94399140477293,-386.9547139945808,-384.7708395264316
-392.1350738970035,-390.4389784204325,-389.55877542122647,-388.70434776254405,-387.23220880083136
-392.1350738970035,-389.3286367134935,-387.6251741333915,-384.4826260534268,-381.5920918287637
-388.21818027391754,-385.23607294831834,-383.887101063071,-382.6900111280087,-381.5920918287637
-388.2876126684303,-385.681582504064,-383.93582404031724,-382.46469651393465,-377.28676177336445
-385.62301212553024,-381.5925435757671,-376.1895398246676,-372.6078430790184,-369.42221330249833
-375.6085355596565,-371.79534380752887,-370.2209620466658,-369.0171097256673,-367.39940080785595
-383.0033513052748,-378.08904771571815,-373.6085877889286,-369.60833464462206,-367.39940080785595
-383.0033513052748,-381.5126973170927,-380.6539194205032,-377.7160129990341,-373.77406724933877
-385.31122255700797,-382.773772428599,-381.76580628012243,-380.92087335225887,-378.38045469498843
-385.31122255700797,-383.87277656969786,-382.4344506576708,-381.25523886246526,-378.34890502802017
-385.1491290681997,-383.1148554053993,-381.5340207708631,-379.69275378191816,-377.34993220590616
-386.7345377889501,-384.5054120634105,-383.08177720444394,-381.51823545422985,-379.30476567024937
